#Flux [ph/s/.1%bw] (C-aligned, inner loop is vs Photon Energy, outer loop vs Vertical Position)
#10.0 #Initial Photon Energy [eV]
#2000.0 #Final Photon Energy [eV]
#2000 #Number of points vs Photon Energy
#-0.0015 #Initial Horizontal Position [m]
#0.0015 #Final Horizontal Position [m]
#1 #Number of points vs Horizontal Position
#-0.0015 #Initial Vertical Position [m]
#0.0015 #Final Vertical Position [m]
#1 #Number of points vs Vertical Position
 0.0
 0.0
 0.0
 0.0
 0.0
 0.0
 0.0
 0.0
 0.0
 0.0
 0.0
 0.0
 0.0
 0.0
 0.0
 0.0
 0.0
 0.0
 0.0
 0.0
 0.0
 0.0
 0.0
 0.0
 0.0
 0.0
 0.0
 0.0
 0.0
 0.0
 0.0
 0.0
 0.0
 0.0
 0.0
 0.0
 0.0
 0.0
 0.0
 0.0
 0.0
 0.0
 0.0
 0.0
 0.0
 0.0
 0.0
 0.0
 0.0
 0.0
 0.0
 0.0
 0.0
 0.0
 0.0
 0.0
 0.0
 0.0
 0.0
 0.0
 0.0
 0.0
 0.0
 0.0
 0.0
 0.0
 0.0
 0.0
 0.0
 0.0
 0.0
 0.0
 0.0
 0.0
 0.0
 0.0
 0.0
 0.0
 0.0
 0.0
 0.0
 0.0
 0.0
 0.0
 0.0
 0.0
 0.0
 0.0
 0.0
 0.0
 0.0
 0.0
 0.0
 0.0
 0.0
 0.0
 0.0
 0.0
 0.0
 0.0
 0.0
 0.0
 0.0
 0.0
 0.0
 0.0
 0.0
 0.0
 0.0
 0.0
 0.0
 0.0
 0.0
 0.0
 0.0
 0.0
 0.0
 0.0
 0.0
 0.0
 0.0
 0.0
 0.0
 0.0
 0.0
 0.0
 0.0
 0.0
 0.0
 0.0
 0.0
 0.0
 0.0
 0.0
 0.0
 0.0
 0.0
 0.0
 0.0
 0.0
 0.0
 0.0
 0.0
 0.0
 0.0
 0.0
 0.0
 0.0
 0.0
 0.0
 0.0
 0.0
 0.0
 0.0
 0.0
 0.0
 0.0
 0.0
 0.0
 0.0
 0.0
 0.0
 0.0
 0.0
 0.0
 0.0
 0.0
 0.0
 0.0
 0.0
 0.0
 0.0
 0.0
 0.0
 0.0
 0.0
 0.0
 0.0
 0.0
 0.0
 0.0
 0.0
 0.0
 0.0
 0.0
 0.0
 0.0
 0.0
 0.0
 0.0
 0.0
 0.0
 0.0
 0.0
 0.0
 0.0
 0.0
 0.0
 0.0
 0.0
 0.0
 0.0
 0.0
 0.0
 0.0
 0.0
 0.0
 0.0
 0.0
 0.0
 0.0
 0.0
 0.0
 0.0
 0.0
 0.0
 0.0
 0.0
 0.0
 0.0
 0.0
 0.0
 0.0
 0.0
 0.0
 0.0
 0.0
 0.0
 0.0
 0.0
 0.0
 0.0
 0.0
 0.0
 0.0
 0.0
 0.0
 0.0
 0.0
 0.0
 0.0
 0.0
 0.0
 0.0
 0.0
 0.0
 0.0
 0.0
 0.0
 0.0
 0.0
 0.0
 0.0
 0.0
 0.0
 0.0
 0.0
 0.0
 0.0
 0.0
 0.0
 0.0
 0.0
 0.0
 0.0
 0.0
 0.0
 0.0
 0.0
 0.0
 0.0
 0.0
 0.0
 0.0
 0.0
 0.0
 0.0
 0.0
 0.0
 0.0
 0.0
 0.0
 0.0
 0.0
 0.0
 0.0
 0.0
 0.0
 0.0
 0.0
 0.0
 0.0
 0.0
 0.0
 0.0
 0.0
 0.0
 0.0
 0.0
 0.0
 0.0
 0.0
 0.0
 0.0
 0.0
 0.0
 0.0
 0.0
 0.0
 0.0
 0.0
 0.0
 0.0
 0.0
 0.0
 0.0
 0.0
 0.0
 0.0
 0.0
 0.0
 0.0
 0.0
 0.0
 0.0
 0.0
 0.0
 0.0
 0.0
 0.0
 0.0
 0.0
 0.0
 0.0
 0.0
 0.0
 0.0
 0.0
 0.0
 0.0
 0.0
 0.0
 0.0
 0.0
 0.0
 0.0
 0.0
 0.0
 0.0
 0.0
 0.0
 0.0
 0.0
 0.0
 0.0
 0.0
 0.0
 0.0
 0.0
 0.0
 0.0
 0.0
 0.0
 0.0
 0.0
 0.0
 0.0
 0.0
 1065814523904.0
 1080255315968.0
 1094449299456.0
 1107427983360.0
 1118211538944.0
 1126288195584.0
 1131145986048.0
 1132685557760.0
 1131175477248.0
 1127127973888.0
 1121342062592.0
 1114768015360.0
 1108532789248.0
 1103693479936.0
 1101148585984.0
 1101715734528.0
 1105730076672.0
 1113409060864.0
 1124494606336.0
 1138379325440.0
 1154252800000.0
 1171061604352.0
 1187686383616.0
 1202904236032.0
 1215801851904.0
 1225495412736.0
 1231535341568.0
 1233789386752.0
 1232522444800.0
 1228323815424.0
 1222077579264.0
 1214910693376.0
 1208075157504.0
 1202815893504.0
 1200223158272.0
 1200989143040.0
 1205909585920.0
 1214954864640.0
 1227889311744.0
 1244167798784.0
 1262685650944.0
 1282352480256.0
 1301813133312.0
 1319830028288.0
 1335003709440.0
 1346759557120.0
 1354169581568.0
 1357410598912.0
 1356482478080.0
 1352136654848.0
 1345433763840.0
 1337728958464.0
 1330318934016.0
 1324603015168.0
 1322024960000.0
 1323306713088.0
 1329317150720.0
 1340174499840.0
 1355421843456.0
 1374646697984.0
 1396538081280.0
 1419666915328.0
 1442722086912.0
 1464009359360.0
 1482158899200.0
 1496301305856.0
 1505604403200.0
 1509883904000.0
 1509427249152.0
 1505096105984.0
 1498032242688.0
 1489686757376.0
 1481735274496.0
 1475813179392.0
 1473356627968.0
 1475507519488.0
 1483072208896.0
 1496194482176.0
 1514601840640.0
 1537439694848.0
 1563457748992.0
 1591009738752.0
 1618383077376.0
 1643833982976.0
 1665723531264.0
 1682902482944.0
 1694477975552.0
 1700223385600.0
 1700588027904.0
 1696374718464.0
 1689014370304.0
 1680166092800.0
 1671785611264.0
 1665778712576.0
 1663802802176.0
 1667240820736.0
 1676996902912.0
 1693194518528.0
 1715616219136.0
 1743186558976.0
 1774462042112.0
 1807589965824.0
 1840552214528.0
 1871273394176.0
 1897888088064.0
 1918932353024.0
 1933546225664.0
 1941390884864.0
 1942893494272.0
 1939136970752.0
 1931667963904.0
 1922615345152.0
 1914034061312.0
 1908259291136.0
 1907286999040.0
 1912722948096.0
 1925539561472.0
 1945994526720.0
 1973749153792.0
 2007551049728.0
 2045779902464.0
 2086189006848.0
 2126391934976.0
 2163943145472.0
 2196765409280.0
 2223017295872.0
 2241726513152.0
 2252525010944.0
 2255913222144.0
 2253128990720.0
 2246116638720.0
 2237130342400.0
 2228939390976.0
 2224107552768.0
 2224932519936.0
 2233447481344.0
 2250683449344.0
 2277112283136.0
 2312055816192.0
 2354394955776.0
 2401830961152.0
 2452036780032.0
 2501977309184.0
 2548765294592.0
 2589955194880.0
 2623425478656.0
 2647968710656.0
 2663201374208.0
 2669771489280.0
 2668946522112.0
 2663230734336.0
 2655275450368.0
 2648292720640.0
 2645641134080.0
 2649706987520.0
 2662995066880.0
 2686948737024.0
 2721921892352.0
 2767295610880.0
 2821390598144.0
 2881820033024.0
 2945343291392.0
 3008807567360.0
 3068765667328.0
 3121652432896.0
 3165523542016.0
 3198787780608.0
 3221032796160.0
 3232788643840.0
 3236000169984.0
 3233304281088.0
 3228310175744.0
 3224509349888.0
 3226011959296.0
 3236088512512.0
 3257449578496.0
 3291855454208.0
 3339733696512.0
 3400288436224.0
 3471707734016.0
 3550868668416.0
 3634088116224.0
 3717208211456.0
 3795989823488.0
 3866831093760.0
 3926640033792.0
 3973694881792.0
 4007411318784.0
 4028706062336.0
 4039816511488.0
 4044049088512.0
 4045636370432.0
 4049315823616.0
 4059660025856.0
 4080913350656.0
 4116416823296.0
 4168214642688.0
 4237058637824.0
 4321903378432.0
 4420418928640.0
 4528936583168.0
 4642740633600.0
 4756887044096.0
 4866060058624.0
 4965778063360.0
 5052432908288.0
 5123703046144.0
 5179040071680.0
 5219515629568.0
 5247871221760.0
 5268499333120.0
 5286526451712.0
 5307925266432.0
 5338573570048.0
 5383700086784.0
 5447652212736.0
 5532995813376.0
 5640723890176.0
 5769695592448.0
 5917018947584.0
 6078164107264.0
 6247339786240.0
 6418248237056.0
 6584546099200.0
 6740407484416.0
 6881421557760.0
 7004884566016.0
 7110014271488.0
 7198543970304.0
 7274032529408.0
 7342024294400.0
 7409498587136.0
 7484080652288.0
 7573674655744.0
 7685195956224.0
 7824497180672.0
 7995251490816.0
 8198952583168.0
 8434815598592.0
 8699317321728.0
 8987046051840.0
 9291181326336.0
 9603897098240.0
 9917455925248.0
 10224925671424.0
 10521011027968.0
 10802790662144.0
 11069825220608.0
 11324893429760.0
 11573495070720.0
 11823605612544.0
 12085188624384.0
 12369364254720.0
 12687276769280.0
 13049532514304.0
 13464860884992.0
 13939802898432.0
 14477914275840.0
 15079477084160.0
 15742041849856.0
 16459831967744.0
 17225931030528.0
 18031728132096.0
 18868953153536.0
 19730530304000.0
 20611222994944.0
 21509529665536.0
 22427058831360.0
 23369978216448.0
 24348272361472.0
 25375553880064.0
 26468363010048.0
 27645056122880.0
 28924570501120.0
 30324964720640.0
 31862806282240.0
 33551370158080.0
 35400437465088.0
 37415725039616.0
 39598872854528.0
 41948131885056.0
 44458863230976.0
 47125350055936.0
 49941577728000.0
 52903297417216.0
 56009305358336.0
 59262533369856.0
 62671172927488.0
 66249442721792.0
 70017165033472.0
 73999568601088.0
 78226403622912.0
 82730431807488.0
 87546021281792.0
 92707112353792.0
 98245992775680.0
 104191259312128.0
 110567146651648.0
 117392730488832.0
 124681642311680.0
 132442597883904.0
 140680663924736.0
 149398407348224.0
 158597740756992.0
 168282019594240.0
 178457937969152.0
 189137088937984.0
 200337642225664.0
 212085300527104.0
 224413400170496.0
 237362978226176.0
 250982151749632.0
 265324674940928.0
 280448848625664.0
 296416094191616.0
 313289208758272.0
 331131811528704.0
 350007119052800.0
 369977911672832.0
 391106634186752.0
 413456066936832.0
 437090298888192.0
 462075398717440.0
 488479851020288.0
 516374824747008.0
 545832931688448.0
 576926179655680.0
 609722751254528.0
 644281937166336.0
 680647827914752.0
 718842502316032.0
 758858041524224.0
 800647939096576.0
 844119920345088.0
 889130103865344.0
 935477767045120.0
 982904003887104.0
 1031093469839360.0
 1079679884722176.0
 1128254220009472.0
 1176379194343424.0
 1223603701940224.0
 1269483482120192.0
 1313600849313792.0
 1355586033680384.0
 1395136911114240.0
 1432037256855552.0
 1466169898827776.0
 1497525039136768.0
 1526203475296256.0
 1552408949817344.0
 1576438620749824.0
 1598660647321600.0
 1619488957005824.0
 1639350899048448.0
 1658651542552576.0
 1677736498167808.0
 1696855410868224.0
 1716127465996288.0
 1735512935104512.0
 1754794922344448.0
 1773566345347072.0
 1791231411617792.0
 1807017161261056.0
 1819998834130944.0
 1829133692698624.0
 1833307058733056.0
 1831385329303552.0
 1822273958838272.0
 1804976917577728.0
 1778656284246016.0
 1742685530488832.0
 1696696631296000.0
 1640613082562560.0
 1574674328715264.0
 1499440862986240.0
 1415787248091136.0
 1324877822820352.0
 1228128181551104.0
 1127154439946240.0
 1023712434323456.0
 919841267515392.0
 816944722739200.0
 716991438520320.0
 621600550420480.0
 532194934128640.0
 449950974476288.0
 375763400392704.0
 310223038316544.0
 253610185195520.0
 205902661550080.0
 166797806403584.0
 135746031714304.0
 111995374272512.0
 94641240145920.0
 82681014517760.0
 75069116121088.0
 70768838836224.0
 68800108036096.0
 68278294675456.0
 68445303472128.0
 68689470685184.0
 68555487838208.0
 67744137478144.0
 66102855991296.0
 63608188829696.0
 60343522951168.0
 56471769317376.0
 52207139422208.0
 47787685183488.0
 43449193594880.0
 39404093571072.0
 35824037003264.0
 32829188603904.0
 30482832031744.0
 28791267131392.0
 27709239459840.0
 27148773490688.0
 26990721630208.0
 27098504757248.0
 27331301212160.0
 27556568891392.0
 27661109821440.0
 27558468911104.0
 27194508181504.0
 26548606337024.0
 25632490651648.0
 24485671469056.0
 23169614217216.0
 21759675858944.0
 20337079091200.0
 18980416782336.0
 17758821548032.0
 16725623963648.0
 15915121901568.0
 15339922391040.0
 14991866462208.0
 14843768733696.0
 14853479596032.0
 14968389894144.0
 15131366916096.0
 15285920727040.0
 15381754281984.0
 15378732285952.0
 15250022727680.0
 14983525040128.0
 14582390194176.0
 14063352414208.0
 13454538702848.0
 12792015880192.0
 12115584745472.0
 11465393176576.0
 10877474439168.0
 10380734627840.0
 9994864951296.0
 9728205783040.0
 9578627465216.0
 9533045866496.0
 9570070036480.0
 9662376181760.0
 9779074301952.0
 9889067827200.0
 9964149014528.0
 9981391798272.0
 9925266767872.0
 9787871854592.0
 9570752659456.0
 9282843049984.0
 8940256493568.0
 8564077756416.0
 8177653383168.0
 7805180313600.0
 7468287524864.0
 7185293639680.0
 6968296603648.0
 6822978650112.0
 6748660301824.0
 6737427431424.0
 6776616910848.0
 6849265926144.0
 6936196022272.0
 7017893724160.0
 7076371234816.0
 7096968413184.0
 7069374611456.0
 6988485885952.0
 6855075037184.0
 6675011993600.0
 6458405552128.0
 6219130470400.0
 5972697284608.0
 5734942638080.0
 5520569663488.0
 5341547855872.0
 5206330834944.0
 5118941986816.0
 5078757933056.0
 5080958369792.0
 5116780347392.0
 5174777610240.0
 5241927892992.0
 5304736546816.0
 5350937853952.0
 5370360627200.0
 5355782275072.0
 5303829004288.0
 5214730452992.0
 5092638982144.0
 4944804970496.0
 4780795625472.0
 4611652976640.0
 4448628244480.0
 4302107049984.0
 4180725465088.0
 4090443071488.0
 4034242805760.0
 4011721490432.0
 4019334414336.0
 4050867191808.0
 4098012217344.0
 4151263625216.0
 4200993652736.0
 4238218887168.0
 4255435194368.0
 4247492231168.0
 4211856637952.0
 4148733149184.0
 4061158440960.0
 3954590613504.0
 3836102049792.0
 3713786707968.0
 3596118392832.0
 3490830876672.0
 3404289802240.0
 3341006929920.0
 3303144161280.0
 3290386661376.0
 3300192944128.0
 3327632605184.0
 3366621282304.0
 3409943724032.0
 3450216120320.0
 3480707661824.0
 3495731658752.0
 3491393175552.0
 3465758638080.0
 3419129249792.0
 3353604784128.0
 3273712205824.0
 3184650616832.0
 3092773863424.0
 3004509716480.0
 2925987364864.0
 2861930381312.0
 2815961071616.0
 2789522800640.0
 2782582538240.0
 2793078259712.0
 2816989724672.0
 2849740947456.0
 2885550604288.0
 2918915244032.0
 2944258539520.0
 2957327990784.0
 2955152982016.0
 2936050810880.0
 2900471578624.0
 2850050801664.0
 2788213653504.0
 2719244877824.0
 2648176590848.0
 2580225720320.0
 2519794974720.0
 2471145766912.0
 2436581556224.0
 2417958060032.0
 2414574043136.0
 2424951799808.0
 2445894221824.0
 2473987670016.0
 2504054013952.0
 2531990962176.0
 2553564626944.0
 2565129895936.0
 2564086824960.0
 2549682536448.0
 2521725140992.0
 2481940594688.0
 2433079312384.0
 2378419666944.0
 2322365153280.0
 2268639526912.0
 2221291339776.0
 2183424638976.0
 2157174325248.0
 2143665782784.0
 2142566088704.0
 2152538177536.0
 2171160625152.0
 2195204079616.0
 2221073498112.0
 2244925456384.0
 2263380656128.0
 2273573339136.0
 2273495482368.0
 2262293282816.0
 2240090734592.0
 2208211664896.0
 2168878006272.0
 2124964167680.0
 2079795838976.0
 2036730953728.0
 1998953512960.0
 1969044062208.0
 1948767617024.0
 1938931056640.0
 1939414056960.0
 1948915204096.0
 1965511933952.0
 1986505736192.0
 2008902402048.0
 2029550698496.0
 2045654466560.0
 2054799097856.0
 2055423918080.0
 2046700683264.0
 2028891144192.0
 2003004293120.0
 1970980913152.0
 1935190917120.0
 1898365583360.0
 1863403438080.0
 1832874278912.0
 1808992305152.0
 1793159069696.0
 1786087997440.0
 1787596636160.0
 1796644929536.0
 1811559350272.0
 1830123208704.0
 1849784795136.0
 1867921227776.0
 1882200997888.0
 1890538356736.0
 1891613802496.0
 1884989685760.0
 1870612398080.0
 1849500762112.0
 1823207587840.0
 1793789526016.0
 1763559735296.0
 1734983286784.0
 1710091010048.0
 1690917666816.0
 1678497153024.0
 1673537519616.0
 1675751325696.0
 1684385431552.0
 1698029109248.0
 1714532515840.0
 1732024991744.0
 1748178829312.0
 1761051410432.0
 1768853864448.0
 1770472472576.0
 1765475745792.0
 1753873252352.0
 1736671756288.0
 1714994544640.0
 1690730102784.0
 1665793523712.0
 1642287726592.0
 1622075637760.0
 1606639681536.0
 1597016637440.0
 1593619382272.0
 1596492873728.0
 1604744249344.0
 1617303961600.0
 1632311443456.0
 1648113090560.0
 1662665883648.0
 1674403643392.0
 1681879465984.0
 1684014759936.0
 1680485646336.0
 1671476674560.0
 1657448038400.0
 1639678607360.0
 1619587235840.0
 1599109595136.0
 1579827986432.0
 1563262713856.0
 1550930935808.0
 1543537819648.0
 1541611454464.0
 1544986165248.0
 1553020747776.0
 1564669902848.0
 1578556194816.0
 1593059442688.0
 1606539542528.0
 1617514856448.0
 1624789876736.0
 1627566768128.0
 1625412206592.0
 1618453069824.0
 1607249428480.0
 1592891801600.0
 1576539652096.0
 1559787077632.0
 1544077443072.0
 1530779533312.0
 1521053597696.0
 1515698520064.0
 1514960060416.0
 1518890516480.0
 1526821289984.0
 1537940258816.0
 1550924906496.0
 1564498460672.0
 1577178365952.0
 1587764920320.0
 1595115175936.0
 1598575869952.0
 1597798875136.0
 1592835309568.0
 1584261234688.0
 1572848533504.0
 1559787470848.0
 1546319036416.0
 1533818961920.0
 1523365183488.0
 1515993956352.0
 1512443215872.0
 1512961212416.0
 1517464453120.0
 1525495758848.0
 1536289538048.0
 1548752257024.0
 1561772163072.0
 1574046400512.0
 1584502145024.0
 1592169070592.0
 1596528787456.0
 1597185458176.0
 1594247348224.0
 1588131397632.0
 1579552866304.0
 1569553645568.0
 1559230152704.0
 1549676183552.0
 1541885132800.0
 1536870842368.0
 1535096651776.0
 1536895746048.0
 1542186074112.0
 1550635368448.0
 1561495207936.0
 1573936168960.0
 1586776899584.0
 1599129387008.0
 1609897082880.0
 1618337202176.0
 1623916281856.0
 1626334429184.0
 1625579585536.0
 1622102638592.0
 1616474537984.0
 1609603219456.0
 1602407497728.0
 1595981037568.0
 1590996893696.0
 1588398391296.0
 1588749926400.0
 1592169463808.0
 1598773264384.0
 1608104280064.0
 1619678986240.0
 1632579354624.0
 1646102839296.0
 1659088404480.0
 1671029719040.0
 1680886333440.0
 1688311169024.0
 1692964487168.0
 1694950096896.0
 1694654005248.0
 1692438364160.0
 1689146884096.0
 1685680947200.0
 1682820825088.0
 1681264082944.0
 1681893621760.0
 1685076574208.0
 1691017281536.0
 1699834757120.0
 1711222292480.0
 1724609200128.0
 1739367645184.0
 1754688913408.0
 1769862332416.0
 1784084430848.0
 1796765384704.0
 1807363866624.0
 1815761649664.0
 1821895819264.0
 1826105196544.0
 1828733190144.0
 1830541328384.0
 1832148271104.0
 1834391961600.0
 1837955153920.0
 1843493339136.0
 1851395014656.0
 1861865701376.0
 1875065438208.0
 1890619228160.0
 1908244611072.0
 1927382040576.0
 1947289780224.0
 1967358345216.0
 1986901311488.0
 2005423882240.0
 2022395084800.0
 2037728280576.0
 2051390570496.0
 2063630336000.0
 2074760445952.0
 2085449629696.0
 2096198189056.0
 2107791638528.0
 2120845361152.0
 2135962419200.0
 2153479667712.0
 2173761486848.0
 2196754530304.0
 2222388674560.0
 2250312777728.0
 2280116715520.0
 2311261519872.0
 2343049625600.0
 2375114031104.0
 2406885621760.0
 2438057689088.0
 2468370186240.0
 2497954185216.0
 2526907727872.0
 2555572125696.0
 2584600117248.0
 2614332227584.0
 2645502722048.0
 2678820700160.0
 2714638745600.0
 2753593606144.0
 2795894472704.0
 2841592201216.0
 2890647207936.0
 2942951227392.0
 2998096887808.0
 3055766470656.0
 3115382996992.0
 3176571863040.0
 3239044186112.0
 3302485917696.0
 3366600048640.0
 3431649509376.0
 3497776906240.0
 3565213974528.0
 3634552897536.0
 3706198163456.0
 3780949311488.0
 3859325124608.0
 3942049120256.0
 4029285400576.0
 4121574768640.0
 4219199029248.0
 4322113617920.0
 4430416052224.0
 4543794905088.0
 4661920137216.0
 4784786505728.0
 4911979823104.0
 5042953256960.0
 5178036060160.0
 5317018517504.0
 5460001816576.0
 5607098155008.0
 5758945067008.0
 5915848736768.0
 6078573051904.0
 6247601930240.0
 6423757455360.0
 6607668248576.0
 6799868035072.0
 7000808751104.0
 7211017830400.0
 7430622674944.0
 7659872321536.0
 7898767818752.0
 8147208503296.0
 8405202239488.0
 8672634208256.0
 8949433630720.0
 9235735773184.0
 9531502362624.0
 9836997640192.0
 10152740651008.0
 10479101542400.0
 10816674856960.0
 11166214520832.0
 11528499625984.0
 11904290390016.0
 12294420430848.0
 12699659403264.0
 13120667910144.0
 13558068805632.0
 14012363309056.0
 14483970850816.0
 14973152526336.0
 15480145313792.0
 16005238620160.0
 16548523671552.0
 17110161948672.0
 17690500530176.0
 18289826725888.0
 18908499148800.0
 19547100807168.0
 20206241972224.0
 20886692298752.0
 21589355659264.0
 22315093983232.0
 23064897126400.0
 23839792693248.0
 24640638418944.0
 25468405284864.0
 26323942637568.0
 27207946731520.0
 28121185124352.0
 29064184201216.0
 30037436792832.0
 31041379106816.0
 32076453642240.0
 33143042080768.0
 34241647738880.0
 35372700532736.0
 36536737333248.0
 37734454394880.0
 38966669606912.0
 40234037280768.0
 41537702461440.0
 42878466260992.0
 44257591164928.0
 45676029280256.0
 47134837571584.0
 48635098169344.0
 50177700265984.0
 51763629522944.0
 53393594777600.0
 55068309061632.0
 56788326023168.0
 58554253836288.0
 60366558068736.0
 62225582653440.0
 64131734437888.0
 66085659344896.0
 68087571283968.0
 70138153926656.0
 72237969309696.0
 74387508166656.0
 76587890376704.0
 78839636033536.0
 81143542054912.0
 83500615073792.0
 85911341629440.0
 88376988401664.0
 90897916100608.0
 93474988752896.0
 96108550291456.0
 98798936260608.0
 101546800971776.0
 104351817269248.0
 107214379417600.0
 110134286090240.0
 113111445012480.0
 116145956847616.0
 119237376999424.0
 122385814519808.0
 125591160356864.0
 128853188018176.0
 132171889115136.0
 135547364311040.0
 138979487776768.0
 142468058185728.0
 146013587243008.0
 149615772958720.0
 153273961021440.0
 156988520529920.0
 160758612623360.0
 164583901757440.0
 168463481962496.0
 172396480823296.0
 176381841375232.0
 180418355658752.0
 184504832491520.0
 188639745146880.0
 192821600452608.0
 197048804573184.0
 201319847559168.0
 205633185906688.0
 209987242557440.0
 214380373344256.0
 218810984431616.0
 223277549092864.0
 227778439938048.0
 232311794696192.0
 236875851759616.0
 241468715302912.0
 246088271396864.0
 250732137676800.0
 255397915000832.0
 260082935791616.0
 264784146595840.0
 269498678509568.0
 274223025094656.0
 278953898016768.0
 283687723728896.0
 288420945461248.0
 293149670899712.0
 297870410383360.0
 302579204489216.0
 307272530001920.0
 311946494607360.0
 316597440872448.0
 321221610700800.0
 325815178887168.0
 330374186008576.0
 334894538424320.0
 339371806949376.0
 343801528844288.0
 348178570280960.0
 352497596104704.0
 356752600072192.0
 360937307504640.0
 365044671971328.0
 369067177279488.0
 372996871028736.0
 376825129730048.0
 380542994350080.0
 384141237420032.0
 387610094600192.0
 390939902214144.0
 394121030139904.0
 397143646928896.0
 399998458003456.0
 402676638547968.0
 405169665736704.0
 407470023376896.0
 409570899918848.0
 411466591109120.0
 413152231555072.0
 414624298041344.0
 415880307539968.0
 416918884319232.0
 417739894161408.0
 418344477917184.0
 418734447525888.0
 418912588005376.0
 418882355462144.0
 418648246190080.0
 418214622265344.0
 417586617516032.0
 416769265106944.0
 415767497539584.0
 414586247315456.0
 413230212055040.0
 411703518953472.0
 410010228097024.0
 408153292275712.0
 406135664279552.0
 403959625809920.0
 401626821033984.0
 399138491465728.0
 396495509520384.0
 393697975861248.0
 390746024706048.0
 387639152738304.0
 384376755978240.0
 380957962010624.0
 377381495767040.0
 373646484832256.0
 369751150821376.0
 365694319329280.0
 361474614624256.0
 357090660974592.0
 352541451747328.0
 347825980309504.0
 342943609126912.0
 337894136872960.0
 332677697765376.0
 327295097110528.0
 321747240878080.0
 316035605463040.0
 310162439012352.0
 304129687683072.0
 297940035829760.0
 291595832262656.0
 285099358683136.0
 278452913569792.0
 271657855877120.0
 264715477450752.0
 257626029948928.0
 250389412708352.0
 243004837199872.0
 235471296790528.0
 227787549966336.0
 219953009524736.0
 211967876792320.0
 203833779159040.0
 195554759933952.0
 187137530003456.0
 178592491241472.0
 169934122385408.0
 161181734010880.0
 152359518863360.0
 143496954511360.0
 134628778180608.0
 125794466660352.0
 117037842038784.0
 108406207676416.0
 99949291241472.0
 91718053527552.0
 83763111395328.0
 76133395595264.0
 68874590486528.0
 62027573755904.0
 55627325898752.0
 49701357355008.0
 44269070974976.0
 39724660031488.0
 35304270462976.0
 31382262775808.0
 27942784598016.0
 24962108751872.0
 21344167133184.0
 19170412462080.0
 17350033145856.0
 15841888305152.0
 14603852447744.0
 13594113605632.0
 12772563746816.0
 12101653364736.0
 11547504017408.0
 11080417935360.0
 10675361415168.0
 10312012005376.0
 9974749069312.0
 9652455604224.0
 9337873367040.0
 9027224338432.0
 8719385493504.0
 8415365562368.0
 8117483995136.0
 7828828323840.0
 7552589889536.0
 7291708899328.0
 7048493793280.0
 6824369061888.0
 6619840118784.0
 6434415706112.0
 6266755743744.0
 6114833858560.0
 5976175411200.0
 5847957110784.0
 5727498272768.0
 5612107202560.0
 5499655815168.0
 5388442271744.0
 5277233446912.0
 5165538082816.0
 5053331537920.0
 4941069418496.0
 4829545496576.0
 4719844524032.0
 4613111545856.0
 4510442323968.0
 4412794208256.0
 4320874201088.0
 4235069489152.0
 4155501445120.0
 4081838981120.0
 4013616267264.0
 3949962723328.0
 3890022187008.0
 3832785666048.0
 3777265139712.0
 3722577969152.0
 3667977043968.0
 3613039263744.0
 3557426462720.0
 3501116096512.0
 3444309753856.0
 3387400912896.0
 3330833383424.0
 3275253350400.0
 3221186412544.0
 3169199063040.0
 3119717810176.0
 3073053818880.0
 3029338423296.0
 2988503990272.0
 2950397952000.0
 2914674016256.0
 2880837255168.0
 2848435470336.0
 2816891420672.0
 2785773355008.0
 2754597879808.0
 2723064053760.0
 2691011969024.0
 2658294300672.0
 2625023770624.0
 2591360286720.0
 2557654859776.0
 2524175663104.0
 2491347894272.0
 2459493203968.0
 2428961554432.0
 2399978127360.0
 2372636508160.0
 2347080876032.0
 2323190906880.0
 2300816916480.0
 2279676313600.0
 2259501187072.0
 2239933710336.0
 2220622610432.0
 2201309151232.0
 2181681512448.0
 2161617403904.0
 2140958752768.0
 2119764803584.0
 2098119704576.0
 2076201975808.0
 2054216613888.0
 2032446210048.0
 2011159068672.0
 1990611042304.0
 1971011715072.0
 1952531087360.0
 1935227617280.0
 1919101304832.0
 1904099721216.0
 1890066890752.0
 1876752596992.0
 1863967178752.0
 1851393310720.0
 1838832943104.0
 1826057224192.0
 1812904017920.0
 1799193362432.0
 1784974802944.0
 1770281107456.0
 1755219099648.0
 1739906613248.0
 1724594520064.0
 1709524123648.0
 1694846943232.0
 1680785539072.0
 1667552116736.0
 1655208673280.0
 1643806851072.0
 1633277444096.0
 1623570513920.0
 1614493646848.0
 1605902532608.0
 1597545775104.0
 1589205008384.0
 1580714426368.0
 1571871522816.0
 1562575372288.0
 1552769744896.0
 1542412042240.0
 1531637137408.0
 1520553033728.0
 1509308891136.0
 1498130415616.0
 1487193243648.0
 1476698832896.0
 1466833305600.0
 1457667178496.0
 1449287352320.0
 1441713094656.0
 1434817789952.0
 1428591345664.0
 1422778695680.0
 1417215475712.0
 1411733782528.0
 1406133207040.0
 1400190009344.0
 1393831968768.0
 1386940858368.0
 1379541843968.0
 1371643445248.0
 1363380797440.0
 1354884841472.0
 1346333179904.0
 1337903677440.0
 1329805524992.0
 1322227597312.0
 1315253125120.0
 1308971499520.0
 1303430168576.0
 1298554814464.0
 1294292615168.0
 1290467540992.0
 1286916931584.0
 1283485073408.0
 1279906152448.0
 1276080291840.0
 1271818092544.0
 1267048906752.0
 1261744291840.0
 1255930200064.0
 1249678589952.0
 1243124858880.0
 1236452638720.0
 1229856047104.0
 1223478607872.0
 1217546158080.0
 1212190687232.0
 1207452958720.0
 1203445956608.0
 1200071639040.0
 1197322665984.0
 1195038212096.0
 1193044344832.0
 1191138557952.0
 1189177982976.0
 1186943991808.0
 1184282968064.0
 1181151526912.0
 1177440747520.0
 1173189165056.0
 1168484073472.0
 1163431772160.0
 1158182076416.0
 1152956104704.0
 1147935522816.0
 1143288758272.0
 1139178078208.0
 1135712534528.0
 1132911788032.0
 1130811490304.0
 1129298526208.0
 1128272756736.0
 1127568637952.0
 1126998867968.0
 1126360809472.0
 1125477122048.0
 1124202708992.0
 1122385657856.0
 1120032522240.0
 1117105946624.0
 1113681952768.0
 1109863301120.0
 1105842798592.0
 1101782712320.0
 1097929195520.0
 1094409715712.0
 1091441328128.0
 1089085046784.0
 1087409815552.0
 1086457053184.0
 1086123606016.0
 1086335746048.0
 1086894899200.0
 1087577260032.0
 1088214925312.0
 1088658735104.0
 1088681738240.0
 1088220692480.0
 1087155077120.0
 1085511696384.0
 1083342585856.0
 1080789958656.0
 1077980364800.0
 1075143835648.0
 1072465117184.0
 1070141669376.0
 1068343099392.0
 1067213979648.0
 1066787930112.0
 1067113578496.0
 1068104744960.0
 1069619740672.0
 1071535292416.0
 1073639194624.0
 1075729727488.0
 1077568798720.0
 1079047684096.0
 1079966629888.0
 1080340381696.0
 1080072798208.0
 1079276011520.0
 1078061891584.0
 1076603912192.0
 1075112247296.0
 1073785798656.0
 1072828186624.0
 1072452272128.0
 1072767041536.0
 1073854873600.0
 1075738640384.0
 1078283075584.0
 1081533136896.0
 1085175103488.0
 1089076658176.0
 1092979523584.0
 1096697839616.0
 1100053479424.0
 1102886207488.0
 1105139466240.0
 1106804998144.0
 1107944800256.0
 1108621918208.0
 1109132443648.0
 1109607448576.0
 1110270541824.0
 1111396188160.0
 1113123586048.0
 1115616968704.0
 1118979358720.0
 1123212328960.0
 1128282193920.0
 1134065876992.0
 1140327317504.0
 1146912636928.0
 1153567948800.0
 1160094941184.0
 1166298316800.0
 1172033896448.0
 1177177161728.0
 1181750525952.0
 1185845215232.0
 1189533843456.0
 1193057189888.0
 1196632834048.0
 1200490151936.0
 1204827717632.0
 1209900466176.0
 1215882067968.0
 1222867288064.0
 1230767915008.0
 1239702831104.0
 1249421033472.0
 1259776638976.0
 1270566486016.0
 1281512308736.0
 1292421038080.0
 1303062511616.0
 1313293598720.0
 1323003543552.0
 1332234158080.0
 1341007069184.0
 1349492932608.0
 1357863452672.0
 1366378020864.0
 1375312674816.0
 1384880275456.0
 1395382157312.0
 1406920949760.0
 1419611209728.0
 1433530662912.0
 1448607350784.0
 1464623955968.0
 1481486106624.0
 1498905313280.0
 1516689424384.0
 1534546935808.0
 1552280059904.0
 1569715257344.0
 1586757369856.0
 1603406528512.0
 1619711229952.0
 1635888398336.0
 1652100562944.0
 1668649320448.0
 1685790916608.0
 1703790379008.0
 1722901331968.0
 1743348826112.0
 1765233393664.0
 1788532359168.0
 1813246902272.0
 1839212920832.0
 1866269065216.0
 1894120554496.0
 1922475098112.0
 1951156404224.0
 1979854487552.0
 2008406949888.0
 2036782596096.0
 2064953245696.0
 2092892553216.0
 2120908668928.0
 2149173166080.0
 2178011365376.0
 2207701008384.0
 2238504763392.0
 2270783864832.0
 2304699269120.0
 2340349280256.0
 2377820667904.0
 2416967680000.0
 2457773801472.0
 2499932323840.0
 2543163015168.0
 2587240693760.0
 2631809105920.0
 2676690780160.0
 2721671282688.0
 2766629502976.0
 2811606859776.0
 2856662335488.0
 2902017179648.0
 2947892117504.0
 2994633703424.0
 3042532130816.0
 3091958071296.0
 3143193067520.0
 3196450242560.0
 3251909689344.0
 3309523435520.0
 3369313239040.0
 3431069122560.0
 3494536282112.0
 3559478001664.0
 3625532784640.0
 3692403097600.0
 3759821553664.0
 3827563233280.0
 3895562600448.0
 3963762245632.0
 4032330465280.0
 4101402001408.0
 4171302436864.0
 4242351849472.0
 4314941882368.0
 4389389205504.0
 4466031984640.0
 4545123450880.0
 4626790219776.0
 4711025999872.0
 4797793566720.0
 4886942449664.0
 4978116657152.0
 5071068725248.0
 5165397573632.0
 5260787580928.0
 5356854968320.0
 5453487538176.0
 5550496546816.0
 5647880421376.0
 5745763942400.0
 5844346339328.0
 5943929077760.0
 6044896460800.0
 6147647471616.0
 6252529713152.0
 6359933255680.0
 6470037929984.0
 6583052402688.0
 6698935779328.0
 6817684914176.0
 6938959544320.0
 7062532128768.0
 7187991101440.0
 7314946916352.0
 7442963890176.0
 7571711721472.0
 7700938752000.0
 7830493462528.0
 7960365367296.0
 8090589069312.0
 8221489627136.0
 8353320796160.0
 8486508298240.0
 8621471563776.0
 8758606430208.0
 8898254733312.0
 9040681762816.0
 9186063679488.0
 9334338617344.0
 9485419544576.0
 9639003422720.0
 9794711715840.0
 9952136527872.0
 10110751473664.0
 10270133977088.0
 10429850976256.0
 10589619355648.0
 10749193748480.0
 10908548988928.0
 11067850752000.0
 11227241644032.0
 11387099152384.0
 11547883601920.0
 11709987160064.0
 11873871200256.0
 12039894335488.0
 12208307175424.0
 12379251277824.0
 12552714059776.0
 12728484757504.0
 12906241458176.0
 13085513351168.0
 13265839063040.0
 13446546456576.0
 13627142701056.0
 13807171665920.0
 13986208677888.0
 14164053458944.0
 14340621074432.0
 14516026867712.0
 14690521448448.0
 14864439312384.0
 15038317330432.0
 15212521455616.0
 15387624210432.0
 15563967430656.0
 15741869883392.0
