# [ph/s/.1%bw/mm^2] (C-aligned, inner loop is vs Photon Energy, outer loop vs Vertical Position)
#10.0 #Initial Photon Energy [eV]
#2000.0 #Final Photon Energy [eV]
#2000 #Number of points vs Photon Energy
#0.0 #Initial Horizontal Position [m]
#0.0 #Final Horizontal Position [m]
#1 #Number of points vs Horizontal Position
#0.0 #Initial Vertical Position [m]
#0.0 #Final Vertical Position [m]
#1 #Number of points vs Vertical Position
 65.21296691894531
 796.5816650390625
 3070.364013671875
 7923.7392578125
 16468.470703125
 29657.171875
 47982.73046875
 71178.15625
 97973.8125
 125996.890625
 151878.328125
 171620.953125
 181200.84375
 177429.890625
 158804.796875
 126523.625
 85077.5390625
 42525.3671875
 10246.53125
 2020.2562255859375
 32440.99609375
 114598.3125
 258281.96875
 466879.21875
 735721.6875
 1050906.25
 1389201.125
 1719427.25
 2005456.5
 2210332.75
 2301415.5
 2256543.75
 2068327.0
 1749031.0
 1332446.875
 873398.4375
 443848.75
 126868.6875
 7882.20751953125
 162106.203125
 644386.375
 1477760.25
 2647178.5
 4092670.0
 5711835.5
 7366229.0
 8893524.0
 10125204.0
 10906636.0
 11118665.0
 10698216.0
 9653741.0
 8074399.5
 6129498.0
 4058311.0
 2150233.75
 715208.6875
 48545.75
 393622.53125
 1904477.625
 4616955.0
 8432784.0
 13111677.0
 18285914.0
 23490502.0
 28206928.0
 31920200.0
 34180184.0
 34663144.0
 33222846.0
 27029566.0
 25077320.0
 19184838.0
 12944916.0
 7168232.0
 2696479.25
 308523.46875
 622943.75
 4008885.25
 10521770.0
 19865628.0
 31395384.0
 44159256.0
 56983288.0
 68584552.0
 77712528.0
 83294880.0
 84578368.0
 81242400.0
 73473264.0
 61986280.0
 47988428.0
 33079286.0
 19102110.0
 7951770.0
 1363141.25
 697292.0
 6761244.5
 19669216.0
 38787468.0
 62718312.0
 89434040.0
 116445992.0
 141052736.0
 160630880.0
 172939200.0
 176400000.0
 170326048.0
 155062944.0
 132023040.0
 103601824.0
 72977408.0
 43806288.0
 19844292.0
 4535523.0
 585522.0
 9637172.0
 31994634.0
 66533768.0
 110637928.0
 160520912.0
 211502128.0
 258487424.0
 296515232.0
 321319680.0
 329850848.0
 320694304.0
 294327264.0
 253184736.0
 201506256.0
 144974144.0
 90165616.0
 43875876.0
 12372559.0
 667971.0625
 11870332.0
 46774344.0
 103664984.0
 178137536.0
 263750944.0
 352438464.0
 435358464.0
 503820416.0
 550261760.0
 569162752.0
 557753920.0
 516478848.0
 449121824.0
 362566848.0
 266204160.0
 171025072.0
 88493568.0
 29303028.0
 2159072.0
 12650934.0
 62620680.0
 149642816.0
 267312272.0
 405004160.0
 549865216.0
 687473216.0
 803505984.0
 885319936.0
 923427328.0
 912698368.0
 853140032.0
 750142272.0
 614147648.0
 459754304.0
 304294784.0
 166077520.0
 62409240.0
 7680978.5
 11448450.0
 77554120.0
 203128992.0
 379090624.0
 589355264.0
 814351104.0
 1031730752.0
 1218994176.0
 1355950336.0
 1427033088.0
 1423217152.0
 1343299712.0
 1194369792.0
 991419584.0
 756020224.0
 514272896.0
 294132992.0
 122439632.0
 21925152.0
 8479785.0
 89490032.0
 261392224.0
 513009760.0
 820754432.0
 1156127232.0
 1485899776.0
 1776103936.0
 1995717760.0
 2120176256.0
 2134326528.0
 2034443008.0
 1829146496.0
 1538910080.0
 1194343680.0
 833241024.0
 496759584.0
 225047616.0
 52835068.0
 5430402.5
 95587816.0
 321624032.0
 667039424.0
 1101738880.0
 1584781312.0
 2068429312.0
 2503086848.0
 2842625280.0
 3049553920.0
 3099417344.0
 2983979776.0
 2712702464.0
 2312402176.0
 1824980992.0
 1303416192.0
 806446208.0
 392333408.0
 112554528.0
 5926147.5
 93136656.0
 375992640.0
 837465344.0
 1433171840.0
 2108986880.0
 2798310656.0
 3430731776.0
 3939557120.0
 4269201920.0
 4381578240.0
 4260928512.0
 3916249600.0
 3381260800.0
 2711565568.0
 1979380096.0
 1266311680.0
 654777792.0
 219106656.0
 17442556.0
 82225608.0
 425069792.0
 1018836480.0
 1814024960.0
 2736267776.0
 3694977536.0
 4592605184.0
 5334989824.0
 5841733120.0
 6055317504.0
 5948175360.0
 5526629888.0
 4831368192.0
 3934144512.0
 2931055360.0
 1932906496.0
 1057854592.0
 401731584.0
 52209908.0
 62979336.0
 457670560.0
 1203969792.0
 2241189888.0
 3472841472.0
 4778356736.0
 6025399808.0
 7083812864.0
 7839783936.0
 8208721920.0
 8145315840.0
 7649709056.0
 6768910848.0
 5593191936.0
 4247665408.0
 2889177600.0
 1644315392.0
 686341888.0
 131620040.0
 43122740.0
 470068160.0
 1384073088.0
 2709348352.0
 4323406848.0
 6068931584.0
 7769591808.0
 9248693248.0
 10348211200.0
 10946455552.0
 10972378112.0
 10414753792.0
 9325227008.0
 7814608896.0
 6042679808.0
 4202383872.0
 2499932160.0
 1132932992.0
 268721088.0
 25424804.0
 457684192.0
 1548880384.0
 3210806272.0
 5291169792.0
 7588041728.0
 9870345216.0
 11901935616.0
 13466951680.0
 14393827328.0
 14574968832.0
 13980456960.0
 12663387136.0
 10756550656.0
 8465163776.0
 6023724544.0
 3717181184.0
 1805755392.0
 519402016.0
 27745968.0
 417935296.0
 1687024384.0
 3735547392.0
 6377665024.0
 9358310400.0
 12378783744.0
 15127824384.0
 17314832384.0
 18701858816.0
 19130746880.0
 18542563328.0
 16986634240.0
 14618309632.0
 11693258752.0
 8499743232.0
 5412898304.0
 2796178432.0
 924247808.0
 71563248.0
 361440160.0
 1486076672.0
 4271008256.0
 7582860288.0
 11404203008.0
 15353760768.0
 19026137088.0
 22034900992.0
 24054870016.0
 24858865664.0
 24344823808.0
 22550409216.0
 19652673536.0
 15964856320.0
 11847269376.0
 7778046464.0
 4216505344.0
 1579974272.0
 197476432.0
 271955328.0
 1835009152.0
 4802237440.0
 8905247744.0
 13753195520.0
 18864617472.0
 23716999168.0
 27801964544.0
 27883026432.0
 32032417792.0
 31693645824.0
 29678505984.0
 26182723584.0
 21567201280.0
 16328431616.0
 11019909120.0
 6254488576.0
 2584930048.0
 460814944.0
 177322720.0
 1839290624.0
 5311795200.0
 10341982208.0
 16437009408.0
 22994745344.0
 29347530752.0
 34832715776.0
 38863880192.0
 40996364288.0
 40978915328.0
 38785789952.0
 34625511424.0
 28924596224.0
 22297333760.0
 15433056256.0
 9121734656.0
 4089259520.0
 943020096.0
 103317680.0
 1753190016.0
 5812487680.0
 11889141760.0
 19493646336.0
 27846641664.0
 36101525504.0
 43400638464.0
 48967438336.0
 52192563200.0
 52703330304.0
 50410725376.0
 45525942272.0
 38545571840.0
 30205530112.0
 21411284992.0
 13121714176.0
 6300899328.0
 1761998720.0
 93794872.0
 1477014784.0
 6216907264.0
 13541955584.0
 22970247168.0
 33549539328.0
 44212813824.0
 53856841728.0
 61460348928.0
 66196070400.0
 67525087232.0
 65262272512.0
 59605483520.0
 51124281344.0
 40707866624.0
 29477824512.0
 18669963264.0
 9509650432.0
 3087795200.0
 218857936.0
 1284407680.0
 6533630464.0
 15351140352.0
 26927024128.0
 40269676544.0
 53985296384.0
 66660913152.0
 76960137216.0
 83768688640.0
 86320463872.0
 84289265664.0
 77835116544.0
 67599806464.0
 54650294272.0
 40374591488.0
 26342408192.0
 14123309056.0
 5166282240.0
 587555840.0
 1061541952.0
 6736187392.0
 17203806208.0
 31530012672.0
 48226783232.0
 65822732288.0
 82427084800.0
 96296747008.0
 103314006016.0
 110278565888.0
 108785262592.0
 101544656896.0
 89265414144.0
 73218719744.0
 55116963840.0
 36949180416.0
 20723128320.0
 8355766784.0
 1367805312.0
 740660608.0
 6797115904.0
 19149074432.0
 36720402432.0
 57716580352.0
 80272932864.0
 101993824256.0
 120609325056.0
 134125535232.0
 141046906880.0
 140550668288.0
 132593623040.0
 117937455104.0
 98088050688.0
 75153006592.0
 51630743552.0
 30150885376.0
 13185492992.0
 2818238208.0
 457685792.0
 6688294912.0
 21185253376.0
 42725179392.0
 69293629440.0
 98098077696.0
 126534221824.0
 151499472896.0
 170332454912.0
 180962787328.0
 182150594560.0
 173643120640.0
 156228124672.0
 131678724096.0
 102587596800.0
 72110997504.0
 43651874816.0
 20450365440.0
 5340968960.0
 327841600.0
 6383411200.0
 23314890752.0
 49753128960.0
 83267395584.0
 120386977792.0
 157733486592.0
 191279841280.0
 217466617856.0
 233431826432.0
 237338935296.0
 228603772928.0
 207993618432.0
 177581457408.0
 140560646144.0
 100931239936.0
 63113486336.0
 31372652544.0
 9571706880.0
 552474752.0
 5861618688.0
 25546784768.0
 58108280832.0
 100616413184.0
 148986019840.0
 198087213056.0
 243393085440.0
 279876206592.0
 297716318208.0
 311780212736.0
 303403892736.0
 279105536000.0
 241291739136.0
 193904607232.0
 142041972736.0
 91441102848.0
 47885725696.0
 16540123136.0
 1482680576.0
 5115800064.0
 27900153856.0
 68246376448.0
 122624606208.0
 185887096832.0
 251421900800.0
 313147228160.0
 364300042240.0
 399348760576.0
 414337204224.0
 407361126400.0
 378837237760.0
 331531091968.0
 270331445248.0
 201789456384.0
 133463572480.0
 73157632000.0
 27968696320.0
 3740648192.0
 4526623232.0
 30411497472.0
 80876347392.0
 151311761408.0
 235175641088.0
 324269998080.0
 409077219328.0
 481632419840.0
 533713387520.0
 559483060224.0
 555766906880.0
 522485039104.0
 462763425792.0
 382705106944.0
 290829959168.0
 197235916800.0
 112611000320.0
 46860890112.0
 8463467520.0
 3507783168.0
 33146828800.0
 97150631936.0
 190007164928.0
 303307489280.0
 426146988032.0
 545615314944.0
 650406723584.0
 728818253824.0
 760526405632.0
 775072448512.0
 736654917632.0
 660293877760.0
 553672966144.0
 428055658496.0
 297198518272.0
 176047030272.0
 78741315584.0
 17826926592.0
 2204645376.0
 36225961984.0
 119050305536.0
 244537982976.0
 401711366144.0
 575756369920.0
 749477822464.0
 904210284544.0
 1025070858240.0
 1083792818176.0
 1114131791872.0
 1070800568320.0
 971466604544.0
 825903611904.0
 649335406592.0
 461012729856.0
 282454392832.0
 134494601216.0
 36271886336.0
 2070547968.0
 39874699264.0
 150237003776.0
 325899878400.0
 552245002240.0
 808556822528.0
 1070001029120.0
 1310130569216.0
 1502477156352.0
 1628107571200.0
 1671116095488.0
 1625044025344.0
 1492877574144.0
 1287164657664.0
 1029104664576.0
 746661412864.0
 472121409536.0
 237615054848.0
 73700442112.0
 4357704704.0
 44550119424.0
 198160908288.0
 457024536576.0
 801205583872.0
 1200569319424.0
 1617525473280.0
 2010722992128.0
 2339338452992.0
 2565821169664.0
 2640335863808.0
 2626745532416.0
 2446002487296.0
 2140729638912.0
 1741626540032.0
 1292235046912.0
 841839607808.0
 445605576704.0
 155133018112.0
 13740836864.0
 51290947584.0
 280160141312.0
 692853604352.0
 1261613613056.0
 1940185939968.0
 2667685347328.0
 3374278246400.0
 3988187512832.0
 4443360722944.0
 4649014788096.0
 4686256537600.0
 4430774140928.0
 3944734261248.0
 3273887318016.0
 2485397749760.0
 1670310395904.0
 927707824128.0
 356739514368.0
 45947473920.0
 62939504640.0
 445515857920.0
 1195302060032.0
 2274746957824.0
 3608061149184.0
 5086303485952.0
 6576425402368.0
 7933618290688.0
 9015985700864.0
 9645361987584.0
 9896342847488.0
 9561196986368.0
 8706964062208.0
 7405639303168.0
 5787284406272.0
 4032094011392.0
 2356482146304.0
 994016821248.0
 172647284736.0
 96197632000.0
 890191216640.0
 2641161879552.0
 5320711602176.0
 8807591706624.0
 12882757550080.0
 17240520916992.0
 21509890375680.0
 25285198086144.0
 28164340318208.0
 29676646957056.0
 29903820947456.0
 28370272256000.0
 25231982854144.0
 20727096934400.0
 15304715403264.0
 9622851158016.0
 4529255874560.0
 1024984612864.0
 221363486720.0
 3226184712192.0
 11163054112768.0
 24995071787008.0
 45492004192256.0
 73146531053568.0
 108112195354624.0
 150158583005184.0
 198648059133952.0
 252267672371200.0
 310026912661504.0
 370010694352896.0
 430225028546560.0
 489203687227392.0
 543457210793984.0
 591438001733632.0
 631192151916544.0
 661058347859968.0
 679760984276992.0
 686484420034560.0
 680920424120320.0
 663287368777728.0
 634319559196672.0
 595225626017792.0
 547621617795072.0
 493440806682624.0
 434924830064640.0
 374214930464768.0
 313497715998720.0
 254843629338624.0
 200084725694464.0
 150731743035392.0
 107913628614656.0
 72343078567936.0
 44308602290176.0
 23692994150400.0
 10015238782976.0
 2492021080064.0
 113646141440.0
 1728393773056.0
 6129078239232.0
 12135759347712.0
 18669159579648.0
 24810327375872.0
 29843420872704.0
 33279761711104.0
 34863046459392.0
 34556874850304.0
 32516931059712.0
 29051477557248.0
 24574083203072.0
 19553067204608.0
 14462016815104.0
 9735235436544.0
 5731391635456.0
 2707621675008.0
 805360959488.0
 48036478976.0
 349781164032.0
 1533420634112.0
 3355327856640.0
 5534314397696.0
 7781620383744.0
 9829103960064.0
 11453237035008.0
 12492957810688.0
 12860191145984.0
 12542587961344.0
 11598798258176.0
 10147263938560.0
 8350040326144.0
 6393537495040.0
 4468257062912.0
 2749498916864.0
 1380875632640.0
 462031159296.0
 41482858496.0
 114988081152.0
 629219917824.0
 1490107498496.0
 2574717288448.0
 3745310048256.0
 4864063045632.0
 5806949400576.0
 6475471126528.0
 6805168062464.0
 6770259394560.0
 6384135438336.0
 5695894192128.0
 4783444328448.0
 3744066174976.0
 2683491844096.0
 1704667512832.0
 897369112576.0
 329639788544.0
 41862373376.0
 43914665984.0
 315567702016.0
 809932423168.0
 1459470336000.0
 2183845511168.0
 2898735661056.0
 3524672094208.0
 3994998013952.0
 4262189334528.0
 4301932724224.0
 4114673041408.0
 3724546932736.0
 3175911784448.0
 2527983566848.0
 1848097112064.0
 1204419035136.0
 658875482112.0
 260961894400.0
 43077627904.0
 17800855552.0
 177305812992.0
 494910341120.0
 928514899968.0
 1425515347968.0
 1928629714944.0
 2382005534720.0
 2736974725120.0
 2956860588032.0
 3020387778560.0
 2923382177792.0
 2678637199360.0
 2314029498368.0
 1869127745536.0
 1390689517568.0
 927569936384.0
 525555204096.0
 197420417024.0
 35290992640.0
 11415607296.0
 122108010496.0
 349717987328.0
 664889131008.0
 1029973344256.0
 1403212922880.0
 1743231385600.0
 2013360029696.0
 2185345761280.0
 2242080931840.0
 2179085107200.0
 2004633780224.0
 1738538483712.0
 1409759051776.0
 1053116203008.0
 705479639040.0
 401842241536.0
 171688460288.0
 36038066176.0
 5450891776.0
 79180054528.0
 245532819456.0
 483370991616.0
 764567814144.0
 1057134411776.0
 1328684728320.0
 1549847756800.0
 1697289863168.0
 1756029124608.0
 1720816631808.0
 1596463775744.0
 1397098283008.0
 1144468668416.0
 865472741376.0
 589208551424.0
 343855824896.0
 153724846080.0
 36776103936.0
 2864080640.0
 52872826880.0
 178814533632.0
 364861161472.0
 589181485056.0
 826369376256.0
 1050202996736.0
 1236430487552.0
 1365285011456.0
 1423491072000.0
 1405525819392.0
 1314052374528.0
 1159471431680.0
 958672994304.0
 733118267392.0
 506484817920.0
 302118207488.0
 140570361856.0
 37477842944.0
 2001878528.0
 35980120064.0
 133869510656.0
 283468201984.0
 467331350528.0
 664711266304.0
 853813493760.0
 1014125363200.0
 1128560459776.0
 1185210826752.0
 1178512130048.0
 1109726199808.0
 986683277312.0
 822841966592.0
 635764604928.0
 445186473984.0
 270888075264.0
 130597126144.0
 38143143936.0
 2058013824.0
 24757524480.0
 102386401280.0
 225327923200.0
 379320336384.0
 547039150080.0
 709988057088.0
 850476924928.0
 953486475264.0
 1008220241920.0
 1009181392896.0
 956677423104.0
 856695832576.0
 720181395456.0
 561799757824.0
 398324760576.0
 246824288256.0
 122844659712.0
 38782390272.0
 2614475264.0
 17115328512.0
 79638323200.0
 182474178560.0
 313745408000.0
 458723491840.0
 601437896704.0
 726387982336.0
 820184481792.0
 872942403584.0
 879282946048.0
 838842449920.0
 756243169280.0
 640533266432.0
 504165367808.0
 361625550848.0
 227867574272.0
 116715913216.0
 39410663424.0
 3445478912.0
 11820406784.0
 62780792832.0
 150065463296.0
 263629930496.0
 390763970560.0
 517477203968.0
 630003924992.0
 716264439808.0
 767128698880.0
 777355264000.0
 746094592000.0
 676930191360.0
 577442938880.0
 458353967104.0
 332345016320.0
 212689223680.0
 111825092608.0
 40045445120.0
 4426748928.0
 8112100352.0
 50022584320.0
 125021601792.0
 224507052032.0
 337369628672.0
 451201925120.0
 553636790272.0
 633661947904.0
 682781376512.0
 695888707584.0
 671775719424.0
 613218385920.0
 526637301760.0
 421371707392.0
 308656242688.0
 200400191488.0
 107913199616.0
 40704880640.0
 5490266112.0
 5504020480.0
 40191590400.0
 105307848704.0
 193407746048.0
 294672924672.0
 397982760960.0
 492113428480.0
 566935683072.0
 614483558400.0
 629784313856.0
 611354083328.0
 561327374336.0
 485190533120.0
 391163183104.0
 289297727488.0
 190386388992.0
 104804704256.0
 41407983616.0
 6600604160.0
 3676558592.0
 32497000448.0
 89537126400.0
 168294072320.0
 260007985152.0
 354616737792.0
 441844793344.0
 512297533440.0
 558459322368.0
 575475810304.0
 561650728960.0
 518598361088.0
 451040641024.0
 366275952640.0
 273378459648.0
 182213476352.0
 102377070592.0
 42173943808.0
 7741878272.0
 2414874112.0
 26390806528.0
 76736888832.0
 147728777216.0
 231485292544.0
 318827167744.0
 400270852096.0
 467039191040.0
 511997935616.0
 530400411648.0
 520378023936.0
 483113828352.0
 422697402368.0
 345657901056.0
 260252336128.0
 175567650816.0
 100544249856.0
 43021963264.0
 8910178304.0
 1572324096.0
 21485144064.0
 66209542144.0
 130674089984.0
 207735881728.0
 288957595648.0
 365524353024.0
 429180387328.0
 473114673152.0
 492675006464.0
 485847957504.0
 453458493440.0
 399058894848.0
 328531050496.0
 249440927744.0
 170217209856.0
 99245654016.0
 43970740224.0
 10109218816.0
 1047947392.0
 17500071936.0
 57445400576.0
 116365500416.0
 187743993856.0
 263776305152.0
 336211574784.0
 397240107008.0
 440323604480.0
 460887588864.0
 456796340224.0
 428566183936.0
 379293401088.0
 314306461696.0
 240581771264.0
 165987516416.0
 98436177920.0
 45038297088.0
 11346682880.0
 772024512.0
 14231349248.0
 50065211392.0
 104230559744.0
 170747658240.0
 242352259072.0
 311277322240.0
 370091524096.0
 412487876608.0
 433955045376.0
 432247701504.0
 407614193664.0
 362756308992.0
 302525251584.0
 233390964736.0
 162738995200.0
 98079858688.0
 46238392320.0
 12632068096.0
 696393344.0
 11529465856.0
 43786399744.0
 93836845056.0
 156165357568.0
 223972589568.0
 289908359168.0
 346861928448.0
 388723113984.0
 411028422656.0
 411431960576.0
 389946408960.0
 348925919232.0
 292808196096.0
 227623403520.0
 160343785472.0
 98131083264.0
 47571238912.0
 13968205824.0
 786677888.0
 9287124992.0
 38402719744.0
 84864024576.0
 143560048640.0
 208093904896.0
 271473803264.0
 326864535552.0
 368317890560.0
 391407009792.0
 393692905472.0
 374976446464.0
 337308876800.0
 284763488256.0
 222991728640.0
 158606622720.0
 98473541632.0
 48973352960.0
 15320609792.0
 1009044224.0
 7444975104.0
 33805516800.0
 77135060992.0
 132671324160.0
 194362458112.0
 255520555008.0
 309541994496.0
 350616289280.0
 374335963136.0
 378180894720.0
 361769697280.0
 326897795072.0
 277336653824.0
 218420559872.0
 156477947904.0
 98141470720.0
 49641996288.0
 16140512256.0
 1179125760.0
 6306212864.0
 30916560896.0
 72322031616.0
 126045020160.0
 186301677568.0
 246625550336.0
 300557795328.0
 342341189632.0
 367528181760.0
 373455159296.0
 359520894976.0
 327245758464.0
 280094408704.0
 223110643712.0
 162366717952.0
 104312340480.0
 55085367296.0
 19857489920.0
 2284950016.0
 4123750400.0
 25049065472.0
 62697590784.0
 112928030720.0
 170269081600.0
 228512235520.0
 281375997952.0
 323179118592.0
 349443784704.0
 357378260992.0
 346160627712.0
 317025452032.0
 273123344384.0
 219177500672.0
 160973324288.0
 104734326784.0
 56455376896.0
 21260742656.0
 2858712576.0
 3147451136.0
 22017824768.0
 57370374144.0
 105346957312.0
 160746536960.0
 217587630080.0
 269752549376.0
 311638261760.0
 338758893568.0
 348223504384.0
 339038502912.0
 312211537920.0
 270639071232.0
 218787774464.0
 162216525824.0
 106976460800.0
 58961367040.0
 23278186496.0
 3700766976.0
 2269548032.0
 19076825088.0
 52261396480.0
 98211995648.0
 151958781952.0
 207707193344.0
 259461971968.0
 301667713024.0
 329803563008.0
 340866170880.0
 333686571008.0
 309052407808.0
 269619380224.0
 219622948864.0
 164422254592.0
 109923082240.0
 61945520128.0
 25600598016.0
 4743263744.0
 1563920384.0
 16355689472.0
 47486865408.0
 91578671104.0
 143871279104.0
 198735085568.0
 250272776192.0
 292956504064.0
 322215346176.0
 334921531392.0
 329726951424.0
 307202523136.0
 271697936384.0
 223912493056.0
 170130374656.0
 116103749632.0
 67602481152.0
 29795940352.0
 6701155328.0
 755285312.0
 12556649472.0
 40803770368.0
 82437513216.0
 132970733568.0
 186970570752.0
 238641053696.0
 282443776000.0
 313689735168.0
 329040101376.0
 326861586432.0
 307398508544.0
 270985232384.0
 224219414528.0
 171217944576.0
 117652946944.0
 69250990080.0
 31179323392.0
 7494726656.0
 709584832.0
 11524973568.0
 38757392384.0
 79468199936.0
 129277902848.0
 182838788096.0
 234406002688.0
 278454173696.0
 310267478016.0
 326443335680.0
 325257986048.0
 306844434432.0
 273180524544.0
 227875864576.0
 175780954112.0
 122471104512.0
 73645121536.0
 34520993792.0
 9271734272.0
 585031168.0
 9373763584.0
 34680393728.0
 73781723136.0
 122480222208.0
 175554297856.0
 227318104064.0
 272229761024.0
 305483776000.0
 323524886528.0
 324426727424.0
 308099088384.0
 276291485696.0
 232412807168.0
 181156347904.0
 128006258688.0
 78642413568.0
 38339268608.0
 11398629376.0
 691275712.0
 7350748160.0
 30653616128.0
 68097175552.0
 115668615168.0
 168274903040.0
 220287746048.0
 266146185216.0
 300949602304.0
 320983007232.0
 324110843904.0
 310007562240.0
 280186355712.0
 237839253504.0
 187492794368.0
 134522814464.0
 84577492992.0
 42974715904.0
 14130564096.0
 1089471744.0
 5198351872.0
 25964101632.0
 61108060160.0
 106811940864.0
 158128291840.0
 209513136128.0
 255419514880.0
 290894708736.0
 312114020352.0
 316786638848.0
 304408985600.0
 276312686592.0
 235526946816.0
 186455949312.0
 134399934464.0
 84993794048.0
 43598630912.0
 14726648832.0
 1555291008.0
 5583655936.0
 26469531648.0
 62061953024.0
 108628721664.0
 161252868096.0
 214356836352.0
 262298697728.0
 299972263936.0
 323359703040.0
 329956917248.0
 319046811648.0
 291776430080.0
 251039956992.0
 201171075072.0
 147479019520.0
 95689113600.0
 51328069632.0
 19135184896.0
 2556070912.0
 3373594112.0
 21515939840.0
 55062831104.0
 100448903168.0
 152842141696.0
 206660141056.0
 256163069952.0
 296068841472.0
 322114453504.0
 331514511360.0
 319057362944.0
 296330133504.0
 259348234240.0
 212058324992.0
 159510085632.0
 107317551104.0
 61060112384.0
 25687388160.0
 4989609472.0
 1192965376.0
 14720605184.0
 44146688000.0
 86347005952.0
 136832221184.0
 190224809984.0
 240833593344.0
 283260387328.0
 312976867328.0
 326808076288.0
 323271655424.0
 302739521536.0
 267396317184.0
 221010444288.0
 168531492864.0
 115563872256.0
 67768508416.0
 30259632128.0
 7057769984.0
 660525184.0
 11774422016.0
 39238139904.0
 80144400384.0
 130149818368.0
 183935057920.0
 235773722624.0
 280140906496.0
 312304238592.0
 328828420096.0
 327944208384.0
 309737029632.0
 276141375488.0
 230735085568.0
 178360057856.0
 124606496768.0
 75217682432.0
 35477565440.0
 9646367744.0
 506098336.0
 9060898816.0
 34429034496.0
 73934651392.0
 123390926848.0
 177545150464.0
 230637633536.0
 277015429120.0
 311734992896.0
 331090329600.0
 333009616896.0
 317277929472.0
 285562765312.0
 241237393408.0
 189025042432.0
 134494756864.0
 83470835712.0
 41410736128.0
 12823412736.0
 787350656.0
 6620522496.0
 29737586688.0
 67710115840.0
 116522401792.0
 170998349824.0
 225350959104.0
 273798561792.0
 311181049856.0
 333510836224.0
 338399559680.0
 325314117632.0
 295636860928.0
 252520218624.0
 200554430464.0
 145278943232.0
 92594249728.0
 48134119424.0
 16663216128.0
 1569975680.0
 4502478848.0
 25190367232.0
 61471494144.0
 109518381056.0
 164244373504.0
 219843280896.0
 270406909952.0
 310554329088.0
 336006316032.0
 344042864640.0
 333792215040.0
 306335612928.0
 264583086080.0
 212975403008.0
 157009641472.0
 102657531904.0
 55727210496.0
 21247277056.0
 2928153344.0
 2765505024.0
 20824483840.0
 55229792256.0
 102361948160.0
 157239885824.0
 214049603584.0
 266759159808.0
 309766291456.0
 338491572224.0
 349863051264.0
 342659301376.0
 317629071360.0
 277423456256.0
 226313076736.0
 169738371072.0
 113731198976.0
 64274083840.0
 26663589888.0
 4944814080.0
 1478691968.0
 16687471616.0
 49006243840.0
 95045984256.0
 149950316544.0
 207910043648.0
 262780026880.0
 308733837312.0
 340878295040.0
 355784916992.0
 351852101632.0
 329480601600.0
 291033186304.0
 240589570048.0
 183514497024.0
 125888266240.0
 73863036928.0
 33007144960.0
 7711845376.0
 721569792.0
 12838568960.0
 42833784832.0
 87573766144.0
 142348926976.0
 201373679616.0
 258396143616.0
 307367575552.0
 343079452672.0
 361726279680.0
 361309339648.0
 341850488832.0
 305401724928.0
 255824953344.0
 198387105792.0
 139202969600.0
 84586569728.0
 40379789312.0
 11330358272.0
 584561536.0
 9348812800.0
 36757553152.0
 79959965696.0
 134420512768.0
 194395832320.0
 253540909056.0
 305586634752.0
 345008766976.0
 367606235136.0
 370960334848.0
 354693480448.0
 320512884736.0
 272034676736.0
 214404169728.0
 153751011328.0
 96541343744.0
 48890101760.0
 15910916096.0
 1169551104.0
 6301743104.0
 30834384896.0
 72231510016.0
 126157774848.0
 186936606720.0
 248148443136.0
 303312928768.0
 346576945152.0
 373337489408.0
 380734865408.0
 367960064000.0
 336346382336.0
 289231929344.0
 231612153856.0
 169609166848.0
 109828268032.0
 58653962240.0
 21573795840.0
 2590270208.0
 3793932544.0
 25135755264.0
 64426950656.0
 117566504960.0
 178970755072.0
 242164563968.0
 300465750016.0
 347694825472.0
 378832289792.0
 390555435008.0
 381595648000.0
 352877150208.0
 307426754560.0
 250056048640.0
 186855899136.0
 124552634368.0
 69795545088.0
 28449923072.0
 4972922368.0
 1935866752.0
 19746439168.0
 56599482368.0
 108662603776.0
 170478010368.0
 235537465344.0
 296970321920.0
 348272492544.0
 383997935616.0
 400338911232.0
 395536433152.0
 370071863296.0
 326620086272.0
 269775208448.0
 205566246912.0
 140820414464.0
 82441756672.0
 36677885952.0
 8455325696.0
 852616896.0
 14768342016.0
 48819429376.0
 99481698304.0
 161457733632.0
 228233822208.0
 292768186368.0
 348236480512.0
 388756701184.0
 410016514048.0
 409735135232.0
 387911450624.0
 346829750272.0
 290826813440.0
 225834663936.0
 158757339136.0
 96741064704.0
 46416605184.0
 13193800704.0
 684765568.0
 10314633216.0
 41163984896.0
 90059210752.0
 151902535680.0
 220207071232.0
 287781060608.0
 347486289920.0
 393000321024.0
 419485351936.0
 424108032000.0
 406344204288.0
 368043753472.0
 313241436160.0
 247735484416.0
 178476646400.0
 112836960256.0
 57827631104.0
 19354963968.0
 1590015616.0
 6521317888.0
 33736613888.0
 80459300864.0
 141834780672.0
 211440025600.0
 281957171200.0
 345949372416.0
 396646481920.0
 428666945536.0
 438593224704.0
 425336700928.0
 390266388480.0
 337067769856.0
 271360442368.0
 200109670400.0
 130891644928.0
 71092625408.0
 27125026816.0
 3744551424.0
 3540774912.0
 26654842880.0
 70756794368.0
 131284353024.0
 201917939712.0
 275246022656.0
 343546200064.0
 399602515968.0
 437471346688.0
 453117902848.0
 444848603136.0
 413498343424.0
 362352607232.0
 296805105664.0
 223795625984.0
 151079616512.0
 86408413184.0
 36708642816.0
 7345343488.0
 1546775936.0
 20056756224.0
 61045776384.0
 120295620608.0
 191639404544.0
 267604819968.0
 340204781568.0
 401779261440.0
 445809557504.0
 467611615232.0
 464838852608.0
 437742010368.0
 389148016640.0
 324172513280.0
 249685770240.0
 173591003136.0
 103991787520.0
 48332705792.0
 12612139008.0
 736486528.0
 14102770688.0
 51439374336.0
 108931416064.0
 180613922816.0
 258998534144.0
 335857090560.0
 403091619840.0
 453594644480.0
 482001584128.0
 485268586496.0
 463002533888.0
 417512980480.0
 353577467904.0
 277946564608.0
 198635847680.0
 124081618944.0
 62249992192.0
 19792177152.0
 1333743872.0
 8978041856.0
 42073391104.0
 97270587392.0
 168867463168.0
 249403539456.0
 330441457664.0
 403456524288.0
 460740689920.0
 496219258880.0
 506101792768.0
 489292300288.0
 447516311552.0
 385149632512.0
 308765720576.0
 226448375808.0
 146946637824.0
 78743609344.0
 29164126208.0
 3593194752.0
 4896519168.0
 33108056064.0
 85414330368.0
 156440215552.0
 238806564864.0
 323903094784.0
 402795102208.0
 467165413376.0
 510198448128.0
 527308881920.0
 516634542080.0
 479244222464.0
 419039117312.0
 342355247104.0
 257296629760.0
 172890161152.0
 98134040576.0
 41044725760.0
 7805859840.0
 2104769024.0
 24732463104.0
 73485508608.0
 143388344320.0
 227205021696.0
 316195438592.0
 401033560064.0
 472790007808.0
 523879710720.0
 548870029312.0
 545064517632.0
 512799506432.0
 455425490944.0
 378964705280.0
 291485581312.0
 202260217856.0
 120789073920.0
 55796891648.0
 14306721792.0
 889323840.0
 17168075776.0
 61633728512.0
 129789173760.0
 214610722816.0
 307279134720.0
 398103674880.0
 477542252544.0
 537212223488.0
 570778189824.0
 574639570944.0
 548318543872.0
 494523482112.0
 418885926912.0
 329374007296.0
 235460886528.0
 147134660608.0
 73840959488.0
 23484465152.0
 1583756672.0
 10677179392.0
 50039230464.0
 115740966912.0
 201049309184.0
 297124495360.0
 393943973888.0
 481356087296.0
 550152634368.0
 593044373504.0
 605446471680.0
 585971859456.0
 536598118400.0
 462472773632.0
 371387957248.0
 272970350592.0
 177671864320.0
 95671107584.0
 35795308544.0
 4580600832.0
 5569033728.0
 38918135808.0
 101367201792.0
 186561822720.0
 285710221312.0
 388499406848.0
 484174856192.0
 562675646464.0
 615703117824.0
 637603676160.0
 625984405504.0
 581979734016.0
 510156013568.0
 418044313600.0
 315361984512.0
 212999356416.0
 121874857984.0
 51781812224.0
 10346810368.0
 2213085696.0
 28531814400.0
 86820937728.0
 171207294976.0
 273025744896.0
 381720723456.0
 485949734912.0
 574773526528.0
 638821466112.0
 671284068352.0
 668645720064.0
 631087038464.0
 562472878080.0
 469976088576.0
 363335385088.0
 253843800064.0
 153163038720.0
 72097775616.0
 19444752384.0
 1054984448.0
 19196553216.0
 72292392960.0
 155065597952.0
 259069935616.0
 373567160320.0
 486643990528.0
 586460168192.0
 662507225088.0
 706718269440.0
 714340106240.0
 684454248448.0
 620099665920.0
 527975612416.0
 417758707712.0
 301101219840.0
 190409605120.0
 97545216000.0
 32562472960.0
 2639710208.0
 11300143104.0
 58016612352.0
 138239868928.0
 243853099008.0
 364004179968.0
 486234128384.0
 597780201472.0
 686923972608.0
 744232124416.0
 763570946048.0
 742774407168.0
 683901583360.0
 593047650304.0
 479728041984.0
 355898294272.0
 234708926464.0
 129125228544.0
 50557296640.0
 7644895232.0
 5325338624.0
 44287049728.0
 120864120832.0
 227396190208.0
 353001865216.0
 484711006208.0
 608814825472.0
 712306982912.0
 784263151616.0
 817009459200.0
 806955253760.0
 755004211200.0
 666489978880.0
 550648414208.0
 419677831168.0
 287457837056.0
 168112373760.0
 74517340160.0
 16929024000.0
 1882892288.0
 31476092928.0
 103110492160.0
 209731059712.0
 340534722560.0
 482081669120.0
 619692752896.0
 738988064768.0
 827408252928.0
 875553882112.0
 878200750080.0
 834886041600.0
 750003290112.0
 632365187072.0
 494319370240.0
 350470701056.0
 216160157696.0
 105853042688.0
 31602997248.0
 1761635968.0
 20065517568.0
 85202436096.0
 190907514880.0
 326581420032.0
 478371971072.0
 630607052800.0
 767431737344.0
 874484203520.0
 940416172032.0
 958124720128.0
 925533405184.0
 845862928384.0
 727327244288.0
 582326419456.0
 426164420608.0
 275467206656.0
 146435489792.0
 53139161088.0
 6005883904.0
 10690951168.0
 67435495424.0
 170990370816.0
 311118823424.0
 473629065216.0
 641833041920.0
