51.964285714285715
48.392857142857146
51.60714285714286
48.75
51.60714285714286
51.60714285714286
51.60714285714286
48.392857142857146
48.392857142857146
48.392857142857146
51.60714285714286
51.60714285714286
51.60714285714286
48.392857142857146
48.392857142857146
48.392857142857146
48.392857142857146
48.392857142857146
48.392857142857146
51.42857142857142
48.392857142857146
51.78571428571429
51.60714285714286
48.214285714285715
48.392857142857146
51.60714285714286
51.78571428571429
51.78571428571429
48.392857142857146
48.392857142857146
48.392857142857146
51.964285714285715
51.42857142857142
51.60714285714286
52.32142857142858
51.60714285714286
51.964285714285715
50.0
48.214285714285715
48.392857142857146
48.214285714285715
51.60714285714286
51.964285714285715
51.78571428571429
51.24999999999999
51.60714285714286
50.0
48.57142857142857
48.214285714285715
48.392857142857146
48.392857142857146
52.142857142857146
48.392857142857146
48.035714285714285
51.964285714285715
47.85714285714286
48.392857142857146
48.392857142857146
52.32142857142858
51.78571428571429
48.392857142857146
50.535714285714285
51.42857142857142
48.392857142857146
48.214285714285715
51.60714285714286
51.78571428571429
51.60714285714286
51.60714285714286
52.142857142857146
48.214285714285715
51.60714285714286
51.60714285714286
51.60714285714286
51.60714285714286
52.67857142857143
52.32142857142858
49.107142857142854
48.392857142857146
48.214285714285715
48.214285714285715
52.142857142857146
48.392857142857146
51.60714285714286
50.17857142857143
47.85714285714286
51.60714285714286
51.60714285714286
47.85714285714286
51.60714285714286
50.71428571428571
48.035714285714285
48.392857142857146
51.60714285714286
48.392857142857146
48.392857142857146
48.392857142857146
48.392857142857146
48.392857142857146
51.60714285714286
48.57142857142857
52.67857142857143
51.60714285714286
48.392857142857146
50.357142857142854
50.357142857142854
51.60714285714286
51.60714285714286
51.60714285714286
51.60714285714286
51.60714285714286
51.60714285714286
51.60714285714286
52.85714285714286
52.32142857142858
48.392857142857146
51.42857142857142
51.60714285714286
49.642857142857146
51.60714285714286
51.60714285714286
51.60714285714286
51.60714285714286
50.0
51.60714285714286
51.60714285714286
51.60714285714286
51.60714285714286
51.60714285714286
51.24999999999999
51.60714285714286
51.60714285714286
51.60714285714286
51.60714285714286
51.42857142857142
51.60714285714286
52.67857142857143
51.964285714285715
51.60714285714286
47.67857142857143
51.60714285714286
52.5
48.75
47.67857142857143
51.60714285714286
47.67857142857143
48.214285714285715
51.60714285714286
49.107142857142854
51.60714285714286
51.60714285714286
49.28571428571429
53.75
51.60714285714286
49.107142857142854
48.035714285714285
51.60714285714286
51.60714285714286
52.5
50.535714285714285
52.142857142857146
48.214285714285715
51.60714285714286
52.142857142857146
51.60714285714286
51.60714285714286
48.75
53.214285714285715
51.60714285714286
51.60714285714286
51.60714285714286
48.392857142857146
47.85714285714286
48.035714285714285
51.60714285714286
48.92857142857142
48.392857142857146
51.60714285714286
51.60714285714286
48.392857142857146
51.60714285714286
51.60714285714286
55.714285714285715
52.5
52.5
51.78571428571429
48.214285714285715
48.035714285714285
51.60714285714286
51.78571428571429
54.285714285714285
51.60714285714286
62.142857142857146
51.78571428571429
48.392857142857146
48.392857142857146
52.5
48.392857142857146
48.57142857142857
51.60714285714286
47.67857142857143
52.5
50.357142857142854
48.214285714285715
52.5
49.107142857142854
48.035714285714285
51.60714285714286
50.0
48.035714285714285
48.214285714285715
48.392857142857146
48.214285714285715
47.85714285714286
51.60714285714286
51.60714285714286
49.642857142857146
52.85714285714286
52.5
51.60714285714286
48.392857142857146
52.85714285714286
49.642857142857146
52.5
48.214285714285715
50.71428571428571
52.5
56.607142857142854
51.60714285714286
51.78571428571429
48.75
48.214285714285715
51.60714285714286
48.214285714285715
48.214285714285715
48.214285714285715
52.5
48.92857142857142
47.67857142857143
48.57142857142857
52.67857142857143
48.392857142857146
48.214285714285715
52.5
48.392857142857146
51.78571428571429
47.67857142857143
48.392857142857146
47.67857142857143
48.392857142857146
48.035714285714285
53.57142857142857
50.89285714285714
50.89285714285714
57.32142857142857
48.92857142857142
52.142857142857146
52.142857142857146
47.85714285714286
47.85714285714286
50.89285714285714
54.46428571428571
54.107142857142854
47.67857142857143
48.214285714285715
48.392857142857146
48.392857142857146
51.78571428571429
52.5
51.42857142857142
51.60714285714286
51.78571428571429
52.5
51.60714285714286
51.60714285714286
51.60714285714286
55.17857142857143
52.5
52.5
51.60714285714286
51.60714285714286
48.035714285714285
48.214285714285715
51.60714285714286
51.60714285714286
48.035714285714285
53.214285714285715
52.142857142857146
52.5
55.35714285714286
52.5
47.5
48.214285714285715
52.5
51.60714285714286
50.0
50.535714285714285
51.60714285714286
52.5
51.60714285714286
48.035714285714285
51.60714285714286
51.60714285714286
51.60714285714286
49.107142857142854
48.392857142857146
48.214285714285715
51.60714285714286
52.5
53.035714285714285
51.78571428571429
51.60714285714286
52.5
52.5
51.60714285714286
52.5
51.60714285714286
52.67857142857143
52.5
51.60714285714286
48.75
48.214285714285715
48.035714285714285
59.285714285714285
51.60714285714286
48.75
52.5
51.60714285714286
54.285714285714285
55.35714285714286
51.60714285714286
52.5
53.75
47.85714285714286
52.5
48.214285714285715
52.32142857142858
47.85714285714286
52.5
53.57142857142857
52.5
52.5
53.214285714285715
52.5
53.035714285714285
51.60714285714286
53.57142857142857
52.5
50.89285714285714
52.5
47.85714285714286
51.60714285714286
48.392857142857146
48.57142857142857
48.035714285714285
52.5
52.5
52.142857142857146
48.392857142857146
52.5
48.392857142857146
54.107142857142854
56.25
55.35714285714286
52.5
48.392857142857146
47.85714285714286
52.5
52.5
56.42857142857143
48.392857142857146
48.392857142857146
48.214285714285715
48.035714285714285
48.392857142857146
55.00000000000001
52.5
48.392857142857146
52.5
52.5
49.107142857142854
52.5
52.5
52.5
51.60714285714286
52.32142857142858
50.89285714285714
52.5
52.5
52.5
48.214285714285715
48.392857142857146
51.60714285714286
51.60714285714286
52.5
48.214285714285715
55.714285714285715
60.0
50.17857142857143
51.60714285714286
48.392857142857146
52.5
48.214285714285715
55.53571428571429
52.5
48.214285714285715
55.35714285714286
52.5
52.5
49.82142857142857
52.5
52.5
52.5
55.714285714285715
51.60714285714286
47.85714285714286
52.5
48.214285714285715
53.39285714285714
52.5
52.5
48.57142857142857
52.5
51.60714285714286
51.07142857142857
52.5
47.85714285714286
52.142857142857146
50.89285714285714
52.5
48.392857142857146
51.60714285714286
52.5
51.60714285714286
55.714285714285715
52.5
48.214285714285715
52.5
51.60714285714286
48.214285714285715
52.5
48.392857142857146
53.92857142857142
48.392857142857146
52.142857142857146
52.5
52.67857142857143
58.92857142857143
55.17857142857143
52.5
48.392857142857146
52.5
52.5
50.89285714285714
50.17857142857143
52.5
52.5
52.5
48.392857142857146
52.5
58.03571428571429
52.5
52.5
51.60714285714286
52.5
50.0
51.60714285714286
55.714285714285715
52.5
49.107142857142854
50.17857142857143
51.60714285714286
48.392857142857146
52.67857142857143
52.5
52.67857142857143
48.392857142857146
53.035714285714285
52.5
52.5
52.5
52.5
52.5
50.89285714285714
47.67857142857143
55.35714285714286
51.60714285714286
52.5
48.214285714285715
52.5
58.57142857142858
47.67857142857143
55.53571428571429
48.214285714285715
48.392857142857146
48.214285714285715
51.60714285714286
60.0
51.78571428571429
49.642857142857146
48.035714285714285
52.85714285714286
52.5
47.5
51.60714285714286
48.392857142857146
51.60714285714286
51.60714285714286
52.5
53.035714285714285
59.10714285714286
52.5
51.60714285714286
52.5
52.5
52.5
52.5
52.5
52.5
52.5
52.85714285714286
51.07142857142857
51.60714285714286
56.607142857142854
52.5
52.5
52.67857142857143
52.85714285714286
47.5
47.85714285714286
52.5
48.214285714285715
52.5
48.214285714285715
52.142857142857146
54.46428571428571
52.5
52.5
52.5
48.392857142857146
52.142857142857146
51.60714285714286
50.89285714285714
49.107142857142854
51.60714285714286
52.5
48.57142857142857
56.785714285714285
51.24999999999999
48.57142857142857
52.5
52.5
55.53571428571429
55.892857142857146
51.964285714285715
52.5
53.214285714285715
52.67857142857143
52.142857142857146
48.392857142857146
55.892857142857146
47.85714285714286
51.24999999999999
52.5
51.964285714285715
52.5
51.60714285714286
52.5
48.214285714285715
48.75
52.5
48.392857142857146
48.214285714285715
52.5
54.82142857142858
49.642857142857146
52.5
52.5
48.214285714285715
51.60714285714286
48.392857142857146
62.67857142857143
48.214285714285715
48.75
48.392857142857146
48.392857142857146
54.285714285714285
52.5
51.60714285714286
52.142857142857146
52.5
52.5
48.214285714285715
52.5
52.5
52.5
48.392857142857146
52.5
52.5
52.5
52.5
52.5
52.5
58.214285714285715
48.57142857142857
51.60714285714286
52.5
52.5
52.5
48.392857142857146
50.535714285714285
48.92857142857142
48.392857142857146
48.392857142857146
52.5
52.5
52.5
61.42857142857143
52.5
52.5
51.60714285714286
48.214285714285715
48.214285714285715
48.035714285714285
52.5
48.035714285714285
51.964285714285715
52.5
52.5
51.60714285714286
48.392857142857146
52.5
52.5
48.392857142857146
52.5
52.5
52.5
52.5
52.5
47.85714285714286
51.60714285714286
52.5
53.57142857142857
49.642857142857146
61.42857142857143
52.5
52.5
52.5
56.607142857142854
48.392857142857146
52.142857142857146
52.5
48.035714285714285
52.5
52.5
52.5
57.85714285714286
52.5
52.5
54.82142857142858
52.5
52.5
52.5
53.214285714285715
52.5
52.5
48.392857142857146
51.60714285714286
52.5
52.5
52.5
51.42857142857142
51.78571428571429
59.10714285714286
52.5
48.392857142857146
50.17857142857143
49.464285714285715
48.214285714285715
52.5
50.535714285714285
48.392857142857146
48.035714285714285
57.32142857142857
58.214285714285715
52.5
51.964285714285715
51.60714285714286
51.60714285714286
48.392857142857146
48.392857142857146
52.5
60.17857142857142
52.5
52.5
52.5
52.5
52.5
52.5
52.5
52.5
52.5
52.32142857142858
52.5
52.5
52.5
52.5
48.214285714285715
61.07142857142858
52.5
48.392857142857146
48.392857142857146
52.5
52.5
52.5
50.357142857142854
54.64285714285714
52.5
48.92857142857142
52.5
48.392857142857146
48.392857142857146
52.5
51.60714285714286
52.5
52.5
52.5
50.535714285714285
56.25
48.392857142857146
49.464285714285715
57.49999999999999
52.67857142857143
61.42857142857143
61.60714285714286
55.714285714285715
48.392857142857146
52.5
57.14285714285714
54.285714285714285
52.5
52.5
52.5
53.57142857142857
52.5
52.5
52.5
52.142857142857146
52.5
52.5
48.392857142857146
59.285714285714285
52.5
52.5
52.5
47.85714285714286
53.57142857142857
52.5
52.5
52.5
55.35714285714286
48.392857142857146
48.214285714285715
56.25
52.5
48.214285714285715
48.392857142857146
52.5
52.5
52.32142857142858
52.5
48.392857142857146
53.57142857142857
54.285714285714285
51.60714285714286
48.392857142857146
52.5
52.5
48.392857142857146
48.392857142857146
52.5
50.17857142857143
48.392857142857146
52.5
48.75
52.5
52.5
51.60714285714286
52.5
52.5
51.964285714285715
52.5
52.5
51.60714285714286
52.5
52.5
52.5
51.60714285714286
48.214285714285715
52.5
52.5
48.214285714285715
52.67857142857143
52.5
51.60714285714286
52.5
52.5
54.46428571428571
52.5
48.392857142857146
52.5
52.5
52.5
52.5
48.214285714285715
52.5
48.214285714285715
57.32142857142857
52.5
49.82142857142857
48.035714285714285
52.5
48.392857142857146
52.5
52.32142857142858
52.5
48.214285714285715
51.60714285714286
52.5
47.85714285714286
52.5
52.5
53.57142857142857
58.57142857142858
52.5
52.5
52.5
52.5
55.53571428571429
52.142857142857146
52.5
52.5
62.67857142857143
52.5
52.5
52.5
55.892857142857146
52.5
48.392857142857146
52.5
49.28571428571429
52.5
51.60714285714286
52.5
60.535714285714285
48.392857142857146
52.5
52.5
52.5
51.964285714285715
52.5
49.82142857142857
52.5
52.5
48.392857142857146
52.5
52.5
52.5
55.35714285714286
52.5
48.392857142857146
63.21428571428571
48.392857142857146
51.78571428571429
52.5
52.5
62.67857142857143
48.392857142857146
52.5
52.5
52.5
52.5
48.035714285714285
48.392857142857146
48.392857142857146
48.214285714285715
48.57142857142857
48.392857142857146
51.07142857142857
53.92857142857142
52.5
52.142857142857146
52.5
52.5
52.5
54.107142857142854
48.392857142857146
52.5
48.214285714285715
52.5
52.5
52.5
52.5
52.5
52.5
47.67857142857143
48.035714285714285
52.5
52.5
48.214285714285715
48.75
55.53571428571429
52.5
60.0
50.0
56.07142857142857
52.5
52.5
48.214285714285715
52.5
52.5
48.57142857142857
51.60714285714286
52.5
48.392857142857146
52.5
52.5
55.35714285714286
55.35714285714286
52.5
52.85714285714286
49.642857142857146
52.142857142857146
48.75
51.60714285714286
48.035714285714285
52.32142857142858
52.32142857142858
52.5
49.28571428571429
52.32142857142858
52.32142857142858
51.07142857142857
52.32142857142858
52.5
52.32142857142858
55.53571428571429
48.392857142857146
48.57142857142857
52.32142857142858
52.32142857142858
52.32142857142858
52.142857142857146
52.32142857142858
52.32142857142858
51.60714285714286
52.67857142857143
51.78571428571429
52.32142857142858
52.32142857142858
52.5
47.5
52.32142857142858
55.00000000000001
57.32142857142857
53.214285714285715
56.785714285714285
59.64285714285714
57.14285714285714
48.392857142857146
51.60714285714286
49.82142857142857
52.5
52.32142857142858
52.32142857142858
59.64285714285714
49.464285714285715
48.92857142857142
51.60714285714286
52.32142857142858
51.60714285714286
52.85714285714286
52.5
47.85714285714286
52.142857142857146
52.5
52.5
49.642857142857146
52.5
48.57142857142857
52.5
52.5
48.035714285714285
51.60714285714286
53.39285714285714
52.5
52.5
52.85714285714286
48.035714285714285
48.392857142857146
52.5
51.60714285714286
52.5
48.035714285714285
55.35714285714286
51.60714285714286
51.60714285714286
51.60714285714286
48.57142857142857
52.5
60.535714285714285
48.214285714285715
52.5
52.5
52.5
52.5
52.5
48.214285714285715
49.82142857142857
52.5
52.5
52.5
52.5
52.5
52.5
52.5
52.5
52.5
52.5
52.5
52.5
56.96428571428571
52.5
48.214285714285715
52.5
52.5
52.5
48.214285714285715
52.5
48.392857142857146
52.5
50.0
52.5
52.5
47.85714285714286
51.60714285714286
57.49999999999999
48.035714285714285
52.5
52.5
52.5
52.5
52.5
48.392857142857146
51.78571428571429
52.5
48.392857142857146
52.5
52.5
48.75
52.67857142857143
57.14285714285714
49.82142857142857
48.214285714285715
57.14285714285714
52.5
52.5
53.57142857142857
52.32142857142858
52.32142857142858
52.32142857142858
52.5
52.32142857142858
52.32142857142858
52.32142857142858
52.32142857142858
55.714285714285715
52.32142857142858
52.32142857142858
49.107142857142854
53.035714285714285
52.32142857142858
52.32142857142858
52.67857142857143
52.32142857142858
55.35714285714286
52.5
55.892857142857146
52.32142857142858
51.60714285714286
52.32142857142858
52.32142857142858
52.32142857142858
52.32142857142858
53.57142857142857
52.67857142857143
52.5
52.32142857142858
52.32142857142858
51.60714285714286
52.32142857142858
50.71428571428571
52.32142857142858
52.32142857142858
52.5
52.32142857142858
52.32142857142858
52.32142857142858
53.92857142857142
52.32142857142858
55.892857142857146
52.32142857142858
52.32142857142858
52.32142857142858
49.28571428571429
52.32142857142858
52.5
52.5
50.17857142857143
52.142857142857146
52.5
52.5
52.5
52.32142857142858
48.75
52.32142857142858
47.32142857142857
52.32142857142858
52.32142857142858
52.32142857142858
52.32142857142858
52.5
52.32142857142858
59.285714285714285
52.32142857142858
51.60714285714286
51.60714285714286
52.32142857142858
52.5
52.32142857142858
52.32142857142858
52.5
52.5
52.32142857142858
52.32142857142858
48.392857142857146
52.5
59.64285714285714
52.32142857142858
52.32142857142858
56.42857142857143
52.32142857142858
52.32142857142858
56.785714285714285
52.32142857142858
52.5
52.32142857142858
52.32142857142858
56.785714285714285
54.82142857142858
59.285714285714285
57.32142857142857
52.5
52.32142857142858
52.32142857142858
52.5
50.0
52.32142857142858
54.46428571428571
51.60714285714286
52.32142857142858
52.32142857142858
52.32142857142858
52.5
52.5
52.5
52.5
52.5
52.5
52.5
52.5
52.5
48.392857142857146
52.5
52.5
47.85714285714286
48.214285714285715
49.82142857142857
52.5
60.357142857142854
52.5
52.5
52.5
52.5
52.5
48.392857142857146
62.32142857142857
48.214285714285715
52.32142857142858
58.57142857142858
52.5
52.32142857142858
52.32142857142858
52.32142857142858
52.32142857142858
52.32142857142858
52.32142857142858
48.392857142857146
59.82142857142857
52.32142857142858
52.5
52.32142857142858
52.5
52.32142857142858
52.5
52.32142857142858
52.32142857142858
52.32142857142858
62.32142857142857
52.32142857142858
48.392857142857146
52.32142857142858
49.107142857142854
52.5
51.60714285714286
52.5
51.60714285714286
52.32142857142858
52.32142857142858
52.32142857142858
52.5
52.5
51.60714285714286
52.5
52.32142857142858
52.32142857142858
52.32142857142858
52.5
48.392857142857146
48.392857142857146
52.5
48.392857142857146
52.5
52.32142857142858
57.49999999999999
52.32142857142858
59.464285714285715
52.32142857142858
52.5
52.32142857142858
48.392857142857146
52.32142857142858
52.32142857142858
52.32142857142858
52.5
51.42857142857142
48.392857142857146
52.32142857142858
52.32142857142858
52.32142857142858
66.25
52.32142857142858
52.5
52.5
52.32142857142858
60.535714285714285
52.32142857142858
48.392857142857146
52.32142857142858
52.5
52.32142857142858
52.32142857142858
52.5
48.035714285714285
52.32142857142858
52.32142857142858
52.32142857142858
52.5
52.32142857142858
52.32142857142858
52.5
52.32142857142858
52.32142857142858
52.5
66.78571428571428
52.85714285714286
52.32142857142858
52.5
52.32142857142858
52.32142857142858
66.07142857142857
49.107142857142854
52.32142857142858
52.5
48.75
52.32142857142858
52.32142857142858
55.892857142857146
52.32142857142858
58.92857142857143
52.32142857142858
52.32142857142858
48.392857142857146
52.32142857142858
52.5
51.60714285714286
52.32142857142858
52.32142857142858
52.32142857142858
52.32142857142858
52.5
52.32142857142858
52.32142857142858
52.32142857142858
52.32142857142858
52.32142857142858
51.60714285714286
52.32142857142858
52.5
48.214285714285715
52.32142857142858
52.5
52.32142857142858
52.32142857142858
48.214285714285715
52.5
52.32142857142858
52.32142857142858
52.32142857142858
61.78571428571429
52.5
48.392857142857146
52.32142857142858
52.32142857142858
52.32142857142858
52.32142857142858
52.32142857142858
52.5
52.5
52.85714285714286
48.035714285714285
52.32142857142858
52.32142857142858
52.32142857142858
52.5
63.92857142857142
49.82142857142857
57.14285714285714
52.5
52.5
52.5
52.32142857142858
52.32142857142858
47.85714285714286
66.78571428571428
52.32142857142858
52.5
49.464285714285715
52.32142857142858
52.32142857142858
52.32142857142858
52.5
58.57142857142858
52.32142857142858
51.42857142857142
52.5
50.535714285714285
52.32142857142858
57.32142857142857
52.32142857142858
52.32142857142858
52.5
52.32142857142858
52.32142857142858
48.392857142857146
52.32142857142858
50.535714285714285
52.32142857142858
52.32142857142858
66.25
48.035714285714285
52.5
48.57142857142857
52.32142857142858
52.32142857142858
48.92857142857142
48.392857142857146
51.60714285714286
50.71428571428571
50.357142857142854
65.89285714285714
52.5
52.32142857142858
52.32142857142858
52.5
52.5
52.32142857142858
52.5
51.60714285714286
63.035714285714285
60.357142857142854
67.32142857142858
48.214285714285715
56.07142857142857
68.39285714285714
52.32142857142858
52.32142857142858
52.32142857142858
52.32142857142858
52.5
52.32142857142858
52.32142857142858
52.5
48.75
52.32142857142858
52.5
52.142857142857146
52.32142857142858
48.035714285714285
52.32142857142858
49.464285714285715
52.32142857142858
57.14285714285714
52.5
52.32142857142858
48.035714285714285
51.07142857142857
52.5
52.32142857142858
52.5
52.32142857142858
52.32142857142858
48.214285714285715
52.5
52.142857142857146
52.32142857142858
52.32142857142858
60.0
63.57142857142857
52.32142857142858
58.75
52.32142857142858
59.10714285714286
48.214285714285715
52.32142857142858
52.5
52.5
52.32142857142858
52.32142857142858
52.32142857142858
52.32142857142858
52.32142857142858
48.392857142857146
63.035714285714285
52.85714285714286
59.10714285714286
52.32142857142858
52.5
52.32142857142858
52.32142857142858
52.32142857142858
52.32142857142858
52.32142857142858
58.92857142857143
52.5
52.5
52.5
52.142857142857146
52.32142857142858
52.142857142857146
52.142857142857146
52.5
52.142857142857146
48.392857142857146
48.57142857142857
52.142857142857146
52.142857142857146
52.142857142857146
52.142857142857146
52.142857142857146
52.142857142857146
52.142857142857146
52.142857142857146
52.142857142857146
52.142857142857146
51.78571428571429
52.142857142857146
52.142857142857146
52.5
52.142857142857146
60.71428571428571
52.32142857142858
50.357142857142854
52.32142857142858
52.5
57.67857142857142
52.32142857142858
59.464285714285715
61.25000000000001
49.82142857142857
51.60714285714286
52.32142857142858
52.32142857142858
52.32142857142858
48.75
52.32142857142858
52.5
52.32142857142858
52.32142857142858
59.64285714285714
48.214285714285715
52.32142857142858
52.32142857142858
52.5
52.32142857142858
52.32142857142858
56.42857142857143
51.60714285714286
52.5
52.32142857142858
64.82142857142857
52.5
52.32142857142858
52.32142857142858
51.964285714285715
52.32142857142858
52.32142857142858
52.5
52.5
49.28571428571429
52.32142857142858
47.5
52.32142857142858
52.32142857142858
52.32142857142858
65.17857142857143
48.035714285714285
52.32142857142858
58.75
52.5
55.714285714285715
52.32142857142858
53.214285714285715
49.464285714285715
60.357142857142854
51.07142857142857
52.32142857142858
52.32142857142858
61.60714285714286
48.214285714285715
52.32142857142858
52.32142857142858
52.5
52.32142857142858
52.32142857142858
59.82142857142857
52.32142857142858
49.82142857142857
54.46428571428571
48.214285714285715
52.32142857142858
59.82142857142857
52.32142857142858
52.32142857142858
52.32142857142858
58.214285714285715
52.32142857142858
53.035714285714285
52.32142857142858
49.82142857142857
52.32142857142858
52.32142857142858
48.92857142857142
51.60714285714286
52.32142857142858
52.32142857142858
52.5
57.85714285714286
52.32142857142858
48.392857142857146
51.07142857142857
52.32142857142858
52.85714285714286
59.64285714285714
56.96428571428571
48.392857142857146
56.42857142857143
52.5
52.5
54.46428571428571
52.32142857142858
52.32142857142858
52.5
52.32142857142858
56.96428571428571
52.5
53.92857142857142
52.32142857142858
55.53571428571429
52.32142857142858
52.32142857142858
52.32142857142858
52.32142857142858
52.32142857142858
52.32142857142858
52.85714285714286
52.5
52.5
52.32142857142858
52.32142857142858
52.32142857142858
54.285714285714285
52.32142857142858
52.32142857142858
52.32142857142858
61.25000000000001
52.32142857142858
52.32142857142858
52.32142857142858
52.32142857142858
52.32142857142858
52.32142857142858
52.32142857142858
52.32142857142858
52.32142857142858
52.5
52.5
52.32142857142858
52.5
52.32142857142858
53.39285714285714
52.5
52.5
52.32142857142858
51.964285714285715
52.32142857142858
51.42857142857142
52.32142857142858
55.35714285714286
53.57142857142857
52.5
51.42857142857142
52.5
52.5
52.32142857142858
52.32142857142858
52.5
52.32142857142858
58.57142857142858
52.32142857142858
50.17857142857143
52.5
52.5
52.32142857142858
52.32142857142858
52.32142857142858
52.67857142857143
52.32142857142858
52.32142857142858
48.392857142857146
52.32142857142858
52.5
60.357142857142854
52.32142857142858
52.32142857142858
52.32142857142858
52.32142857142858
52.32142857142858
52.32142857142858
52.32142857142858
61.42857142857143
52.32142857142858
61.964285714285715
52.5
49.642857142857146
66.42857142857143
49.28571428571429
52.142857142857146
52.5
51.42857142857142
52.142857142857146
52.5
65.53571428571429
52.142857142857146
52.5
62.142857142857146
54.82142857142858
52.142857142857146
54.46428571428571
52.67857142857143
52.5
52.142857142857146
49.82142857142857
52.142857142857146
67.14285714285714
52.142857142857146
52.142857142857146
52.5
52.5
50.89285714285714
52.142857142857146
52.142857142857146
59.64285714285714
52.142857142857146
52.142857142857146
52.67857142857143
52.142857142857146
52.5
52.142857142857146
52.142857142857146
52.142857142857146
52.142857142857146
52.142857142857146
52.142857142857146
49.642857142857146
52.142857142857146
70.71428571428572
52.142857142857146
52.142857142857146
52.142857142857146
73.57142857142858
52.32142857142858
52.142857142857146
60.17857142857142
52.142857142857146
52.142857142857146
52.142857142857146
52.142857142857146
52.142857142857146
51.60714285714286
52.142857142857146
51.78571428571429
52.5
51.78571428571429
52.142857142857146
52.142857142857146
52.142857142857146
57.14285714285714
52.142857142857146
52.142857142857146
52.142857142857146
52.5
52.142857142857146
52.32142857142858
52.142857142857146
52.142857142857146
52.32142857142858
52.5
52.5
52.142857142857146
52.142857142857146
47.85714285714286
47.85714285714286
52.142857142857146
52.142857142857146
55.35714285714286
52.5
52.5
62.142857142857146
74.46428571428572
52.142857142857146
52.142857142857146
52.32142857142858
52.32142857142858
52.32142857142858
72.85714285714285
52.5
52.32142857142858
52.32142857142858
52.32142857142858
52.142857142857146
52.5
52.5
47.85714285714286
52.5
58.392857142857146
57.14285714285714
52.32142857142858
50.89285714285714
52.5
52.142857142857146
74.46428571428572
82.67857142857142
83.39285714285715
52.142857142857146
76.60714285714286
52.142857142857146
52.142857142857146
51.07142857142857
48.035714285714285
54.64285714285714
52.142857142857146
52.142857142857146
52.142857142857146
52.5
51.78571428571429
52.5
70.35714285714286
52.142857142857146
51.60714285714286
52.142857142857146
52.142857142857146
80.17857142857143
82.14285714285714
55.892857142857146
52.142857142857146
52.142857142857146
86.60714285714286
52.142857142857146
52.142857142857146
52.142857142857146
68.57142857142857
52.142857142857146
52.142857142857146
52.142857142857146
52.142857142857146
52.142857142857146
51.60714285714286
52.142857142857146
52.5
52.5
76.25
52.5
52.142857142857146
52.142857142857146
47.85714285714286
52.32142857142858
52.32142857142858
52.32142857142858
47.85714285714286
52.32142857142858
52.32142857142858
52.32142857142858
52.5
52.32142857142858
51.24999999999999
52.32142857142858
52.32142857142858
47.85714285714286
52.32142857142858
52.32142857142858
47.85714285714286
48.392857142857146
52.142857142857146
64.46428571428572
52.142857142857146
52.142857142857146
52.142857142857146
52.142857142857146
52.142857142857146
52.5
64.46428571428572
52.142857142857146
52.142857142857146
54.46428571428571
52.32142857142858
52.142857142857146
52.142857142857146
52.142857142857146
52.142857142857146
56.785714285714285
52.142857142857146
52.142857142857146
52.142857142857146
52.142857142857146
54.82142857142858
52.142857142857146
52.142857142857146
52.142857142857146
52.142857142857146
51.60714285714286
52.142857142857146
52.142857142857146
52.142857142857146
56.607142857142854
52.142857142857146
54.107142857142854
52.142857142857146
52.142857142857146
52.142857142857146
52.142857142857146
52.142857142857146
52.142857142857146
52.142857142857146
52.142857142857146
52.142857142857146
57.14285714285714
52.142857142857146
52.142857142857146
52.142857142857146
52.142857142857146
52.142857142857146
52.142857142857146
56.607142857142854
52.142857142857146
48.035714285714285
52.142857142857146
52.142857142857146
55.35714285714286
52.142857142857146
52.142857142857146
52.142857142857146
52.142857142857146
55.00000000000001
52.142857142857146
52.142857142857146
57.32142857142857
57.85714285714286
52.142857142857146
52.142857142857146
52.142857142857146
52.142857142857146
56.07142857142857
52.142857142857146
51.24999999999999
52.142857142857146
58.392857142857146
52.142857142857146
54.46428571428571
59.464285714285715
52.32142857142858
52.142857142857146
52.32142857142858
65.89285714285714
52.142857142857146
52.32142857142858
52.142857142857146
52.142857142857146
52.142857142857146
52.142857142857146
52.32142857142858
52.142857142857146
52.142857142857146
52.142857142857146
52.142857142857146
52.142857142857146
52.142857142857146
52.32142857142858
52.142857142857146
52.142857142857146
60.535714285714285
52.142857142857146
52.32142857142858
52.142857142857146
52.5
52.142857142857146
48.75
52.142857142857146
52.142857142857146
52.142857142857146
52.142857142857146
52.142857142857146
54.64285714285714
52.32142857142858
52.142857142857146
52.142857142857146
52.142857142857146
52.142857142857146
52.142857142857146
52.142857142857146
52.142857142857146
48.392857142857146
49.464285714285715
52.142857142857146
52.32142857142858
52.142857142857146
52.142857142857146
56.07142857142857
52.142857142857146
51.60714285714286
52.142857142857146
52.142857142857146
52.142857142857146
52.142857142857146
52.32142857142858
52.32142857142858
52.142857142857146
52.142857142857146
71.25
52.142857142857146
52.67857142857143
52.5
52.5
67.5
52.142857142857146
52.142857142857146
52.142857142857146
52.32142857142858
52.142857142857146
52.142857142857146
47.67857142857143
52.142857142857146
52.142857142857146
64.82142857142857
48.75
52.142857142857146
52.142857142857146
52.142857142857146
52.142857142857146
52.142857142857146
52.142857142857146
53.035714285714285
52.32142857142858
52.142857142857146
52.85714285714286
56.785714285714285
48.75
86.78571428571429
52.142857142857146
64.82142857142857
52.142857142857146
52.32142857142858
52.32142857142858
52.142857142857146
52.142857142857146
52.5
52.32142857142858
52.5
52.142857142857146
66.07142857142857
52.5
52.5
52.32142857142858
52.32142857142858
52.5
52.5
52.5
52.32142857142858
52.85714285714286
52.32142857142858
52.32142857142858
48.214285714285715
52.32142857142858
52.5
52.32142857142858
52.5
52.142857142857146
80.17857142857143
52.32142857142858
52.5
52.32142857142858
52.32142857142858
52.32142857142858
52.32142857142858
52.32142857142858
51.60714285714286
52.32142857142858
52.32142857142858
52.5
52.5
47.85714285714286
52.5
52.5
79.64285714285714
52.5
70.17857142857142
52.5
48.392857142857146
52.5
52.5
52.5
49.642857142857146
52.5
52.5
52.5
52.5
52.5
52.5
52.5
51.60714285714286
52.5
52.5
52.5
52.5
52.5
52.5
52.5
53.214285714285715
48.392857142857146
52.5
48.392857142857146
65.17857142857143
52.5
49.642857142857146
52.5
52.5
52.67857142857143
52.5
52.5
48.392857142857146
52.5
48.392857142857146
52.5
52.5
52.5
52.5
49.642857142857146
52.5
52.5
48.392857142857146
52.32142857142858
52.5
52.5
52.5
52.5
52.5
49.642857142857146
52.5
52.5
52.5
52.5
52.5
48.035714285714285
52.5
52.5
52.5
52.5
52.5
52.5
52.5
76.60714285714286
52.5
52.5
54.82142857142858
52.5
51.60714285714286
52.5
48.75
48.392857142857146
52.5
52.5
52.5
91.25
55.00000000000001
52.5
52.5
52.5
48.57142857142857
52.5
52.5
93.39285714285714
93.39285714285714
52.5
52.5
48.392857142857146
52.5
52.5
96.42857142857143
52.32142857142858
52.5
52.5
68.39285714285714
49.107142857142854
52.5
52.5
48.392857142857146
52.32142857142858
52.5
53.39285714285714
52.5
52.5
52.5
48.392857142857146
48.392857142857146
52.5
52.5
56.785714285714285
49.82142857142857
48.57142857142857
48.392857142857146
53.39285714285714
52.5
48.75
52.5
48.392857142857146
58.214285714285715
48.57142857142857
52.5
92.5
52.5
52.5
52.5
52.5
52.5
52.5
48.392857142857146
52.5
52.5
52.5
52.5
52.5
92.14285714285714
52.5
50.0
52.5
52.5
48.392857142857146
54.285714285714285
52.5
98.57142857142858
52.5
48.392857142857146
52.5
52.5
52.5
52.5
52.5
48.392857142857146
52.5
48.214285714285715
52.5
52.5
52.85714285714286
52.5
48.392857142857146
52.5
48.75
96.25
52.5
52.5
52.5
52.5
52.5
52.5
52.67857142857143
52.5
52.5
48.392857142857146
52.5
52.5
52.5
52.5
52.5
52.5
52.5
52.5
52.5
52.5
52.5
52.5
79.82142857142858
52.5
52.5
70.17857142857142
60.357142857142854
52.5
52.5
52.5
52.5
51.60714285714286
84.64285714285714
78.21428571428571
52.5
52.5
52.5
52.5
59.464285714285715
52.5
52.5
52.5
52.5
52.5
52.5
52.5
52.5
52.5
52.5
52.5
52.5
63.21428571428571
52.5
53.75
53.75
78.21428571428571
52.5
55.714285714285715
86.25
52.5
52.5
52.5
69.82142857142857
52.5
52.5
52.5
52.5
52.5
51.964285714285715
52.5
52.5
52.5
51.42857142857142
51.60714285714286
52.5
56.607142857142854
52.67857142857143
52.5
52.5
52.5
52.5
96.60714285714286
52.5
52.5
52.5
52.5
48.57142857142857
52.5
97.14285714285714
52.5
52.5
52.5
52.5
52.5
52.5
52.5
48.57142857142857
51.24999999999999
52.5
52.5
52.5
93.75
52.5
52.5
52.5
52.5
60.17857142857142
52.5
52.5
48.035714285714285
52.5
56.25
52.5
52.5
52.5
48.392857142857146
52.5
58.392857142857146
52.5
52.5
52.5
52.5
51.78571428571429
49.28571428571429
68.57142857142857
57.32142857142857
52.5
52.67857142857143
52.67857142857143
48.214285714285715
90.89285714285714
65.17857142857143
48.214285714285715
53.57142857142857
52.67857142857143
52.67857142857143
52.67857142857143
52.67857142857143
52.67857142857143
52.67857142857143
48.214285714285715
48.75
80.53571428571429
52.67857142857143
52.67857142857143
99.46428571428572
54.285714285714285
60.535714285714285
48.214285714285715
55.53571428571429
48.75
52.67857142857143
52.67857142857143
52.67857142857143
52.67857142857143
48.75
50.17857142857143
52.85714285714286
48.92857142857142
51.60714285714286
50.0
52.85714285714286
52.85714285714286
99.46428571428572
52.85714285714286
48.214285714285715
52.85714285714286
48.392857142857146
52.85714285714286
52.85714285714286
64.82142857142857
56.42857142857143
48.392857142857146
52.67857142857143
52.5
52.5
50.17857142857143
52.5
52.5
52.67857142857143
52.5
52.5
52.5
52.5
48.75
52.5
52.5
52.5
52.5
52.5
58.214285714285715
52.5
52.5
52.5
66.78571428571428
52.5
52.5
52.5
53.75
51.60714285714286
52.5
68.75
52.5
63.035714285714285
53.75
52.5
52.5
52.5
52.5
52.5
70.0
51.60714285714286
52.5
52.5
52.5
52.67857142857143
52.67857142857143
50.17857142857143
52.67857142857143
80.89285714285714
53.214285714285715
52.5
67.14285714285714
53.214285714285715
80.17857142857143
55.53571428571429
53.75
67.14285714285714
54.107142857142854
52.32142857142858
54.285714285714285
54.46428571428571
66.07142857142857
49.464285714285715
54.46428571428571
54.82142857142858
54.82142857142858
58.392857142857146
54.82142857142858
55.00000000000001
55.892857142857146
55.00000000000001
52.32142857142858
58.75
55.00000000000001
55.00000000000001
55.17857142857143
56.785714285714285
55.17857142857143
83.57142857142857
55.17857142857143
55.17857142857143
55.35714285714286
55.35714285714286
55.35714285714286
65.89285714285714
55.35714285714286
53.57142857142857
55.53571428571429
55.53571428571429
68.75
55.714285714285715
99.46428571428572
55.714285714285715
55.714285714285715
55.714285714285715
63.21428571428571
55.714285714285715
55.714285714285715
61.78571428571429
55.714285714285715
55.714285714285715
55.714285714285715
55.714285714285715
50.0
55.714285714285715
55.714285714285715
85.35714285714285
55.714285714285715
55.892857142857146
55.892857142857146
49.107142857142854
98.39285714285714
55.892857142857146
55.892857142857146
56.07142857142857
56.07142857142857
56.07142857142857
56.07142857142857
56.07142857142857
94.46428571428571
57.85714285714286
56.07142857142857
48.392857142857146
48.92857142857142
56.07142857142857
56.607142857142854
48.392857142857146
56.07142857142857
56.07142857142857
60.357142857142854
53.39285714285714
55.714285714285715
55.714285714285715
55.714285714285715
56.42857142857143
55.714285714285715
55.714285714285715
55.714285714285715
55.714285714285715
55.714285714285715
55.714285714285715
55.714285714285715
72.5
55.714285714285715
85.53571428571428
55.714285714285715
71.42857142857143
53.75
55.714285714285715
57.67857142857142
55.714285714285715
55.892857142857146
100.0
75.89285714285714
68.92857142857143
56.07142857142857
56.07142857142857
56.07142857142857
56.07142857142857
56.07142857142857
56.07142857142857
56.07142857142857
56.07142857142857
56.07142857142857
99.64285714285714
89.46428571428572
56.07142857142857
95.89285714285715
73.57142857142858
71.60714285714286
56.25
56.25
56.42857142857143
98.92857142857143
56.42857142857143
52.142857142857146
56.42857142857143
56.607142857142854
100.0
56.607142857142854
56.607142857142854
56.607142857142854
63.035714285714285
56.607142857142854
59.10714285714286
56.607142857142854
58.92857142857143
56.785714285714285
56.785714285714285
56.785714285714285
56.785714285714285
56.785714285714285
90.71428571428571
90.53571428571429
56.96428571428571
56.96428571428571
56.96428571428571
60.357142857142854
56.96428571428571
56.96428571428571
56.96428571428571
60.357142857142854
57.32142857142857
57.32142857142857
80.35714285714286
49.82142857142857
70.89285714285715
79.10714285714285
52.67857142857143
57.49999999999999
57.49999999999999
57.67857142857142
57.67857142857142
57.67857142857142
57.85714285714286
66.78571428571428
57.85714285714286
57.85714285714286
100.0
57.85714285714286
92.85714285714286
58.03571428571429
58.75
58.03571428571429
58.03571428571429
48.214285714285715
57.85714285714286
58.57142857142858
96.07142857142857
57.14285714285714
56.785714285714285
56.96428571428571
56.96428571428571
56.785714285714285
74.64285714285714
53.75
79.10714285714285
56.785714285714285
61.78571428571429
56.607142857142854
56.607142857142854
56.607142857142854
56.607142857142854
55.892857142857146
56.607142857142854
56.785714285714285
56.785714285714285
56.785714285714285
56.785714285714285
56.785714285714285
56.785714285714285
56.785714285714285
56.785714285714285
56.785714285714285
56.785714285714285
56.785714285714285
56.96428571428571
55.53571428571429
56.96428571428571
56.96428571428571
57.14285714285714
57.32142857142857
54.64285714285714
71.96428571428571
57.67857142857142
57.67857142857142
63.39285714285714
55.892857142857146
57.85714285714286
58.03571428571429
58.03571428571429
58.03571428571429
58.03571428571429
58.03571428571429
58.03571428571429
58.214285714285715
58.214285714285715
58.214285714285715
58.214285714285715
58.214285714285715
67.67857142857143
58.214285714285715
58.392857142857146
58.57142857142858
56.42857142857143
58.75
56.07142857142857
59.10714285714286
59.10714285714286
52.142857142857146
59.464285714285715
59.464285714285715
59.464285714285715
72.67857142857143
76.78571428571429
59.64285714285714
60.0
61.07142857142858
77.85714285714286
61.25000000000001
61.07142857142858
61.25000000000001
61.42857142857143
61.42857142857143
67.32142857142858
59.285714285714285
61.60714285714286
91.60714285714285
61.964285714285715
62.142857142857146
62.32142857142857
62.32142857142857
62.32142857142857
87.85714285714286
93.03571428571429
62.32142857142857
67.85714285714286
62.32142857142857
62.32142857142857
96.42857142857143
62.32142857142857
96.96428571428571
66.60714285714285
63.035714285714285
94.46428571428571
63.035714285714285
64.64285714285715
48.392857142857146
62.857142857142854
62.5
62.32142857142857
62.32142857142857
62.142857142857146
61.964285714285715
61.78571428571429
88.21428571428571
51.78571428571429
98.21428571428571
99.46428571428572
61.60714285714286
53.92857142857142
61.60714285714286
61.60714285714286
61.60714285714286
61.60714285714286
61.60714285714286
61.60714285714286
61.60714285714286
90.71428571428571
61.78571428571429
85.0
97.5
62.32142857142857
62.32142857142857
62.32142857142857
85.71428571428571
81.96428571428571
62.5
62.67857142857143
98.57142857142858
63.39285714285714
93.21428571428572
63.39285714285714
99.28571428571429
63.39285714285714
63.39285714285714
82.32142857142857
63.39285714285714
63.57142857142857
53.57142857142857
99.64285714285714
52.67857142857143
85.71428571428571
51.60714285714286
68.57142857142857
69.82142857142857
54.82142857142858
52.32142857142858
58.214285714285715
73.92857142857143
78.39285714285714
80.17857142857143
81.25
81.96428571428571
83.03571428571429
59.285714285714285
85.35714285714285
85.71428571428571
98.57142857142858
98.21428571428571
54.46428571428571
87.32142857142857
67.14285714285714
88.03571428571428
49.107142857142854
88.21428571428571
88.21428571428571
88.21428571428571
88.21428571428571
88.21428571428571
88.39285714285714
88.39285714285714
98.03571428571428
88.92857142857142
89.10714285714286
89.10714285714286
89.46428571428572
89.46428571428572
98.21428571428571
89.64285714285715
89.64285714285715
89.82142857142857
54.82142857142858
89.82142857142857
69.82142857142857
89.82142857142857
89.82142857142857
79.64285714285714
98.03571428571428
90.0
90.17857142857143
90.17857142857143
71.07142857142857
90.17857142857143
90.35714285714286
90.35714285714286
93.39285714285714
98.75
90.53571428571429
90.53571428571429
90.71428571428571
56.07142857142857
93.57142857142857
98.92857142857143
90.89285714285714
54.46428571428571
90.89285714285714
90.89285714285714
90.89285714285714
90.89285714285714
81.78571428571428
56.96428571428571
90.89285714285714
56.96428571428571
99.10714285714286
90.89285714285714
90.89285714285714
98.92857142857143
90.89285714285714
90.89285714285714
87.5
90.89285714285714
90.89285714285714
48.392857142857146
90.89285714285714
90.89285714285714
90.71428571428571
90.0
90.0
90.0
89.82142857142857
97.67857142857143
89.82142857142857
89.82142857142857
90.17857142857143
89.64285714285715
64.46428571428572
89.46428571428572
89.46428571428572
89.46428571428572
89.64285714285715
89.64285714285715
63.74999999999999
96.60714285714286
90.35714285714286
71.60714285714286
89.64285714285715
89.64285714285715
89.64285714285715
89.64285714285715
89.64285714285715
89.64285714285715
52.85714285714286
95.35714285714286
89.82142857142857
72.32142857142857
99.28571428571429
90.0
99.10714285714286
48.214285714285715
88.92857142857142
87.32142857142857
84.10714285714286
80.89285714285714
58.57142857142858
74.10714285714286
56.42857142857143
57.85714285714286
65.71428571428571
55.714285714285715
61.964285714285715
61.25000000000001
60.71428571428571
54.107142857142854
52.85714285714286
58.392857142857146
57.67857142857142
57.49999999999999
57.14285714285714
56.607142857142854
53.214285714285715
56.07142857142857
53.57142857142857
53.39285714285714
53.39285714285714
53.035714285714285
57.85714285714286
53.214285714285715
59.10714285714286
59.285714285714285
53.035714285714285
60.71428571428571
53.214285714285715
53.035714285714285
63.035714285714285
53.214285714285715
65.53571428571429
53.214285714285715
53.214285714285715
53.39285714285714
72.14285714285714
74.82142857142857
53.035714285714285
54.107142857142854
78.92857142857143
79.46428571428571
79.82142857142858
80.35714285714286
80.53571428571429
81.78571428571428
53.57142857142857
83.57142857142857
83.57142857142857
53.214285714285715
84.46428571428571
53.035714285714285
54.107142857142854
54.107142857142854
54.107142857142854
87.14285714285714
54.107142857142854
88.39285714285714
88.75
89.10714285714286
89.64285714285715
55.00000000000001
90.0
90.17857142857143
51.60714285714286
55.35714285714286
91.07142857142857
55.892857142857146
54.64285714285714
92.14285714285714
92.32142857142858
92.5
56.785714285714285
93.21428571428572
57.32142857142857
93.39285714285714
93.57142857142857
90.71428571428571
58.75
93.92857142857143
56.96428571428571
93.92857142857143
94.10714285714286
94.28571428571428
65.89285714285714
57.67857142857142
94.46428571428571
94.46428571428571
62.142857142857146
94.46428571428571
94.46428571428571
94.46428571428571
94.28571428571428
94.46428571428571
60.535714285714285
94.82142857142857
90.35714285714286
59.10714285714286
74.10714285714286
95.53571428571429
95.71428571428572
61.78571428571429
95.71428571428572
96.07142857142857
96.25
96.25
96.25
96.60714285714286
58.57142857142858
65.89285714285714
60.89285714285714
83.21428571428572
96.78571428571429
96.78571428571429
63.39285714285714
60.357142857142854
96.78571428571429
