1.2419567
8714258.0
309387.1
2201.8596
9343.928
187.96915
81.53902
108.50459
750.51624
1092.4786
8964.016
16439.535
9787.158
2014.7091
9175.085
3283.0872
3003.2356
2285.03
18.818508
87.09788
196.10173
300.62973
10604.601
1679.9799
16302.086
12503.347
119.3715
4036.4272
28636.629
3253.8408
15578.043
2779.2388
29.837961
79.59657
61.925434
890.8044
106.86989
122.506584
434.02524
43.833916
185.60078
376.9256
3.2625644
2723.714
362.60995
4996.8516
71.706406
156.24918
387.19406
156.79614
1.9582393
178.88705
691.86053
141.45392
1476.3042
48.636654
54.2426
40.71036
265.8668
144.35693
16.457489
153.47302
81.2214
1287.5529
105.34078
166.89264
81.57259
520.33527
799.9808
53.17351
17.006735
73.73965
176.85883
2208.77
45.71651
4.358531
40.12207
1.4603647
1605.0853
74.06981
213.69691
0.58574265
493.50827
93.91962
16.910744
138.02718
535.98346
7220.956
42.941902
10.272322
1.6674887
87.32416
1177.4551
23.809721
274.78326
751.4635
308.08038
119.362915
777.023
149.27495
1.1642545
7.8640013
16.971191
26.147142
1.4116439
1.9001833
61.512188
63.338127
24.887785
79.89456
11.135676
28.490225
2.6238606
0.14710143
86.06519
3.4520705
1.4073735
1.9844024
3.4162884
26.18757
2.5903978
8.500068
13.157
15.372543
11.058022
26.79201
9.619015
44.826534
5.9391003
1.3001194
2.0341794
6.42876
104.7023
9.114199
0.28184214
47.025585
0.35763162
0.20173381
20.02625
2.045001
42.664143
0.12066168
4.7199974
1.5526767
10.074672
2.863861
4.9485965
26.68118
0.16436371
10.133123
11.969364
1.9171064
0.03085605
16.020863
0.914573
2.5541177
3.4277017
3.598212
0.16091317
0.32957068
0.3098949
5.8461494
21.949778
0.3756708
6.4478645
50.90315
0.2997932
0.1998889
5.3549414
4.47712
1.1890842
17.212095
0.6289389
1.5016575
42.71589
1.4158535
9.102907
11.139913
1.1400913
3.408865
0.11630075
0.69187236
0.029339025
0.10616166
0.10601475
0.11809079
1.7831194
0.86789125
3.674843
0.48964468
0.034322225
6.835628
0.018195495
0.47467843
10.672838
5.0754194
0.104848415
17.268377
0.31256998
3.5112307
0.5856063
0.10522807
0.19133388
2.5976088
0.09510565
0.54927355
0.40933633
1.3257083
0.6291189
1.3562258
4.1321163
9.973236
3.4474492
0.78322697
8.885789
10.172551
0.66207385
0.038496718
0.09430376
18.909979
4.1682067
0.18956566
0.11178481
0.10661292
1.2110504
0.2703312
0.10651268
0.025507538
1.0166371
7.9097605
1.3284814
0.42325494
21.882542
2.0761337
5.2636666
2.0733228
0.07298374
0.25994825
1.0419483
3.3465054
0.065352224
4.3349724
1.8471375
0.1061896
5.765867
0.31898734
0.5777879
1.1021535
0.57419443
2.3144948
1.1748272
0.07850345
0.12846914
0.24750486
0.019524155
1.1772432
0.4304213
0.33776566
0.598444
0.788901
0.13291416
0.026933642
0.007685067
1.3021142
2.5695941
49.15608
2.8703866
0.27889457
0.13509625
0.11387212
25.890722
0.47017434
0.11156815
1.3624043
0.9780896
1.7311091
0.02522666
0.11133832
0.11124663
0.54824305
1.514187
0.50543433
2.609855
0.58945554
15.684
1.8737082
0.09746196
0.5640969
0.110061094
0.020373126
0.109799646
0.88658303
0.75208575
0.048393298
1.47329
0.173164
0.07150941
5.382301
0.109138705
14.759422
0.4737818
0.60750777
1.1048752
3.31793
0.18452021
1.0596558
0.4237125
0.92034435
0.10701884
0.016110262
3.3676474
1.4344219
0.040182054
0.106104255
0.8041119
0.105710335
3.3659146
0.04940426
0.10503148
17.846294
0.20362365
1.8038751
0.4879679
0.01981458
4.1198235
0.241343
0.10762757
1.6965672
0.017205974
0.027183315
0.35069132
0.102160275
0.029128004
0.69033974
0.10171008
1.719428
0.078430235
0.3647027
0.04268566
0.028358335
0.10137969
0.10133824
0.08464732
0.10123017
0.020708313
4.4852347
0.03203345
0.10082512
0.078287505
0.10056044
0.25432655
0.7831392
1.4589926
0.16768563
0.25947487
0.5909427
0.056093216
0.14424433
3.270285
0.09988562
1.858339
0.019740267
0.020172704
0.021954617
0.10004049
2.5430574
0.28232607
0.10021918
0.10028365
0.016248407
1.3282747
3.4722607
0.24506451
0.3751324
6.842318
0.026278395
0.10137252
0.6195959
0.10176547
0.10193424
0.12076998
0.1022078
0.10231571
0.10239848
0.33781612
0.29521373
0.2184055
0.10247504
0.10244669
0.10240641
0.8179996
5.283064
0.7513288
6.308088
0.08255637
1.1690012
0.016431188
0.016955532
0.09849706
1.4730787
0.9136599
0.1021514
0.99593353
0.015912924
0.102135934
0.26922145
0.014888627
0.10215238
0.10214705
0.09436183
0.102102004
0.10206418
0.10201493
0.01973043
0.6719177
0.30690327
0.45139623
0.5412658
0.5025735
0.101621985
0.11909036
0.46801743
0.16642189
9.472989
0.061578996
0.10114826
0.2562604
0.18527879
0.30085847
0.053282995
3.4329746
0.057017807
0.10044613
4.7121415
0.017868262
0.10015305
0.46346653
0.09993938
9.893872
0.4378797
0.09944458
1.2936392
0.022508878
0.9237649
0.18524292
0.09893909
0.062395927
0.014034571
0.0213824
0.09863797
4.653282
0.098590516
0.09860052
0.24974547
0.08292386
0.09855261
0.09852403
0.42175838
1.9848475
0.09842018
0.013782517
0.08291871
0.098363996
1.9410814
0.09822017
0.08139468
12.329171
0.01581236
0.0975608
1.6503843
0.09490487
1.4353807
2.7113736
0.113056175
0.09679281
0.03409992
13.522876
0.031068474
0.09679242
0.096850425
0.0968869
0.09690393
0.09690341
0.28783762
0.3733737
0.018245766
0.17121387
0.09361331
0.7914154
0.09681592
0.015237265
0.3789698
0.018786917
0.27816033
1.381022
0.5062152
3.7915518
0.014439273
0.052624304
0.06812814
0.1800096
0.7119885
0.09709154
0.54664695
5.747241
1.161133
1.2445722
0.8647338
0.09689185
0.28707978
0.011581227
0.09653401
1.1468706
0.0962492
0.09608613
0.0959229
0.09575951
0.095596015
0.09543241
0.095268734
0.03979538
0.058403473
0.7724215
0.011537574
0.09455852
0.07368601
0.28014326
0.3504344
0.4247479
0.2887983
0.09375783
0.38830993
0.08110918
0.62635183
0.082741536
0.019246766
0.09346025
0.0380643
0.09336489
1.0771235
0.19848868
1.3454762
0.057761997
0.09940392
0.5333698
0.09298643
1.1355432
0.011470779
0.11740081
0.11913132
0.09276681
0.092728145
0.016996901
0.03524129
0.74611217
0.09249969
0.025866875
0.3267817
1.5718398
1.0720747
0.016282678
0.20036188
0.027819324
0.09176131
0.17265606
0.042739943
16.432356
0.055570588
0.30905816
0.09516622
0.090751454
0.26947412
0.41984564
0.090392105
0.018056609
0.07008983
0.09017363
0.09010565
0.46819857
0.4105845
1.4661745
0.0077022333
0.3133456
0.13007247
3.2636468
1.5692974
0.010563837
0.09044866
10.026958
0.034642518
0.09047292
0.09040865
0.42947668
0.090298556
0.09024985
0.09018907
1.501281
0.09011534
0.10069392
0.11116649
0.090011545
0.08994939
0.08987642
0.009909125
0.10147092
0.9097193
0.089558445
0.08945
0.08933534
0.52500254
0.050891828
0.072233714
0.6312646
1.1973544
0.08911569
0.08915398
0.08917141
0.009095937
0.08916591
0.08914507
1.6770768
0.2807267
0.18681924
0.14546283
0.06801584
0.13783015
1.2571537
0.08878731
0.030334074
0.32817504
0.684822
0.08848855
0.08842852
0.7429731
0.088338
0.08830345
0.08825502
0.08819411
0.088121936
0.11176096
0.11045234
0.08791132
0.018809048
0.050415482
0.00818919
0.087629676
0.08755938
0.087478735
0.008183676
0.99339646
0.20950618
0.0404808
0.12139996
0.0871619
0.08711811
0.08706127
0.008246218
0.08693061
0.08685728
0.014941176
0.08670185
0.07866852
0.08652889
0.020915188
0.08634556
0.08625228
1.062495
2.0446706
0.08600298
0.071151584
0.08576335
0.029666955
0.30852336
0.009687502
0.08527911
0.382883
0.07832893
0.11489409
1.1335477
0.08498933
0.07387869
0.39742076
0.105456784
0.008524498
0.01647363
0.08518628
0.037563324
1.433981
0.5618014
4.5897174
0.65029615
0.08522459
0.009192646
0.08532994
0.09358455
0.08535932
0.079250105
0.085315555
0.08527097
0.085213006
0.08514301
0.025684027
1.0045288
0.08485113
0.08471746
0.07033886
0.08443883
0.10831451
0.008524282
0.084075935
0.32218623
0.28271744
0.08385905
0.08381101
0.08374997
0.03485641
0.012683256
0.08357215
0.062569536
0.08346864
0.19958897
0.19090034
0.08338648
1.2588683
0.08328815
0.08319769
0.08309843
0.033267915
0.009763949
0.21261
0.038424347
0.007711876
0.47565
0.0059151836
0.005920712
0.010383938
0.2694199
0.082476325
0.008412366
0.0116184605
0.08236468
0.08231148
0.08224566
0.0131938355
0.082092404
0.082006015
0.06305967
0.10507839
0.08169661
0.081578046
0.72762924
0.005482994
0.08133334
0.08126372
0.08118316
0.09168899
0.012668713
0.080965884
0.08089082
0.03678908
0.010645712
0.61947906
0.088081665
0.007600733
0.08060977
0.078769304
0.22521678
0.07623929
0.08061544
0.01818755
0.07776818
0.15722981
0.01245653
0.01053692
1.5028193
0.44931173
0.08044071
0.08039267
0.3622238
1.472563
0.08036534
0.07697567
1.3090495
0.08054092
0.04381683
0.043395165
0.08075333
0.1639513
0.080792375
0.08077873
0.4783942
0.08072736
0.08069032
0.31449383
0.08055792
0.08046691
0.0803666
1.1038669
0.05757859
0.07996102
0.041340612
0.064962216
0.016901394
0.07946607
0.7066859
0.07919524
0.07903686
0.010597459
0.07872542
0.18003058
0.07845785
0.081567355
0.05317796
0.0780808
0.06469121
0.07783895
0.06583049
0.0066565718
0.07755597
0.02749679
0.029592024
0.07732848
0.5050916
0.07722422
0.4963809
0.077102564
0.08439072
1.096754
0.07682534
0.058347415
0.035261646
0.07648835
0.012309735
0.0050772526
0.041800365
0.07606983
0.07596103
0.07584508
0.009054171
0.11026894
0.0325974
0.025278013
0.0057082647
0.07515598
0.055380885
0.035751157
0.008217149
0.04158713
0.045806542
0.074483804
0.03113371
0.07430229
5.2169223
0.07399141
0.003703624
0.1529987
0.01924625
0.03224245
0.073135
0.2230313
0.072825074
0.2862185
0.072494425
0.072326906
0.30578998
0.07204045
0.07191658
0.0717876
0.008572342
0.061076757
0.56630564
0.005424959
1.643218
0.8399169
0.071285024
0.07124078
0.004428844
0.1452363
0.322852
0.07104715
0.070978165
0.070898585
0.06485759
0.17437486
0.04557723
0.13855326
2.1811688
0.49549156
0.7126298
0.008140305
0.038312692
0.017188739
0.019226003
0.07122224
0.0712424
0.011889413
36.785027
0.07161651
0.05542764
0.0662655
0.072482534
0.072691925
0.07286268
0.04515386
0.07310649
0.25048038
0.13032444
0.07340058
0.07348414
0.10821723
0.068732806
0.009994364
0.073763065
0.005631241
0.034896653
0.007501013
0.073938996
0.07395863
0.123324774
0.073977455
0.073976584
0.18769191
0.07533725
0.07395523
0.08673045
0.07391895
0.018815884
0.008806344
0.009551833
0.03437835
0.015136141
0.04853946
0.08752906
0.20995943
0.24042675
0.13258447
0.07357127
0.07353699
0.024243481
0.06967574
0.07339663
0.07334631
0.024161354
0.073232025
0.019201156
0.07310084
0.009627458
1.2411503
0.07803598
0.07299418
0.07300061
0.07298733
0.10522352
0.07290598
0.07284158
2.2781851
0.47667018
1.3677387
0.072144486
0.07189874
0.027191252
0.2719187
0.07126044
0.009822096
0.0049621183
0.012793407
0.006138182
0.0051149456
0.005169078
0.15789558
2.5005717
0.028841212
0.03607711
0.0698566
0.06971677
0.0056676944
0.020084769
0.16160983
0.5221886
0.069125175
3.0750062
0.012732397
0.03518279
0.11568732
0.21729203
0.06801693
0.05551001
0.033054087
0.0675128
0.03517528
0.067234986
0.022614446
0.08289711
0.080017656
0.01349638
0.06668135
0.066582344
0.010886286
0.07173505
1.2677088
0.0663004
0.0161873
0.06628142
0.17055076
0.014059906
1.6709174
4.8109465
2.1353495
0.049693007
0.06544855
0.0047938153
0.058855705
0.06482691
0.064650305
0.06447373
0.057909932
0.04579578
0.03679206
0.023826888
0.017185325
0.04439655
0.063445956
0.06331981
0.06318882
0.0630535
0.028811047
0.062777296
0.062636636
0.06249271
0.062345907
0.06219652
0.006216504
0.025415396
0.05197313
0.061655506
0.061539084
0.017420301
0.29005215
0.061225966
0.04708149
0.061082263
0.015219816
0.060951445
0.06088171
0.14515509
0.09400308
0.004904267
0.08919332
0.060603157
0.060557622
0.028751086
0.060435534
0.06036085
0.43300042
0.4444098
0.060203873
0.25005785
0.060136065
0.0601054
0.032827225
0.18949424
0.005232603
6.4553623
0.482296
0.004775266
0.033307977
0.05506338
0.010506352
0.060456604
0.060494285
0.060510933
0.043754462
0.06049171
0.060459156
0.06041248
0.0603531
0.0062278397
0.060219068
0.06014482
0.45492262
0.22985423
0.059963834
0.05989017
0.017412065
0.05973658
0.0070024817
0.019675724
0.0055724606
0.059442062
0.31570306
0.059255444
0.05914114
0.059021093
0.058895875
0.0141202565
0.017783316
0.12835726
0.058447756
0.058331516
0.5610134
0.058050163
0.033375222
0.057754442
0.057615977
0.054238603
0.057330813
0.05718471
0.057036463
0.010139297
0.05674468
0.005247818
0.056471076
0.056337923
0.056201506
0.08326622
0.05595376
0.029875329
0.019631574
0.031694617
0.017753989
0.037317276
0.039841253
0.035106864
0.055175558
0.09168828
0.055002823
0.2490414
0.05487948
0.054825373
0.054760285
0.054685324
0.029814376
0.054513957
0.003870756
0.05433078
1.54814
2.1037757
0.05382286
0.02238458
0.053362764
0.053146068
0.01698475
0.04017738
0.052544594
0.052355878
0.06322252
0.01225628
0.0028403164
0.05174449
0.051611483
0.0049525825
0.051356573
0.051233374
0.0050185
0.050989076
0.04409041
0.0507437
0.050616875
0.005343518
0.00820685
0.0034056327
0.004371574
0.017274374
0.050021227
0.049930934
0.042644594
0.021039054
0.049650587
0.007462818
2.668359
0.049311
0.049140356
0.00611378
0.048815474
0.048659846
0.048504896
0.019235767
0.04820244
0.04342708
0.04790697
0.047759637
0.025164198
0.25850257
0.047372673
0.034269378
0.069505215
0.11386486
0.015303125
0.04700447
0.0023705976
0.03480217
0.0468627
0.021384846
0.046737622
0.046665013
0.13325064
0.00277761
0.10882179
0.046468016
0.0030315279
0.034220587
0.04636662
0.04631729
0.04625832
0.046190683
0.04611526
0.046032857
0.2624173
0.0030696678
0.04585241
0.01991127
0.045738205
0.0070403735
0.045604132
0.036611672
0.045450203
0.04536404
0.0452721
0.0017493899
0.045087356
0.10172741
0.04493037
0.016021935
0.028766165
1.6597261
0.027652154
0.40342647
0.04429505
0.044132095
0.043971494
0.02200675
0.008924505
0.17570913
0.02403818
0.043213606
0.04306552
0.042918533
0.032299154
0.19593011
0.05992563
0.014935931
0.027797826
0.01746899
0.04225824
0.0029624794
0.0421244
0.007516791
0.04198361
0.021814663
0.041830588
0.1394687
0.041695546
0.041635532
0.041567985
0.030214313
0.025701055
0.114824936
0.04128439
0.04122519
0.04115845
0.0014225519
0.04101758
0.0055241585
0.018309599
0.04079904
0.0021650498
0.040649943
0.07920784
0.040522635
0.00795102
0.040404174
0.040337622
0.013511152
0.25854382
0.040157054
0.040113304
0.040060665
0.022843026
0.039935492
0.03986418
0.01957334
0.039707936
0.03962381
0.0059088343
0.0012307664
0.004417078
0.039298724
0.079121955
0.039129518
0.039035834
0.0011305758
0.02569672
0.0387792
0.19943029
0.020510916
0.038530316
0.03844811
0.0026569185
0.03828014
0.0021426713
0.038114518
0.038029928
0.038119443
0.037872978
0.008478109
1.0025723
0.037599694
0.03747307
0.037346583
0.03722026
0.030490773
0.03696932
0.036844622
0.03672003
0.036595583
0.03647128
3.9092293
0.036112685
0.008142604
0.026981242
0.035509232
0.033555523
0.035176083
0.03501691
0.02465378
0.011455724
0.03460816
0.034485135
0.034362752
0.0015318521
0.032027394
7.770632
0.034092315
0.03414236
0.034175772
0.034194157
0.03419898
0.031964313
0.016207268
0.004425417
0.11078494
0.03413409
0.034125485
0.03410595
0.015099854
0.0014090241
0.0074100783
0.0019568217
0.022904055
0.026579361
0.02567383
0.033843424
0.033790752
0.056726083
0.0010050752
0.033656724
0.018146014
0.025686732
0.03352924
0.03323104
0.033435676
0.008605433
0.0022710946
0.033271797
0.005372187
0.014117641
0.19400616
0.033056736
0.002664949
0.032930277
0.03286589
0.018233124
0.032725267
0.032649744
0.040998522
0.032510854
0.022634676
0.032379463
0.03230826
0.0010572571
0.1194711
0.010656415
0.017131291
0.030161213
0.03200748
0.00671051
0.04500106
0.3964953
0.0070432704
0.0075836736
0.0012279591
0.00666681
0.031706315
0.031664453
0.003969667
0.0045295674
0.03152023
0.017239707
0.38407823
0.0012526357
0.0016813148
0.0008610851
0.038173735
0.0021231396
0.00096518506
0.030983234
0.030936275
0.03088288
0.030823708
0.008126057
0.0306958
0.030627538
0.020429038
0.018616727
0.030422064
0.015097395
0.034996305
0.030222518
0.07708904
0.028580679
0.0065942663
0.029996542
0.002411517
0.0076796846
0.029854046
0.8896379
0.0048215515
0.0046579875
0.029818127
0.012695316
0.029795565
0.029771676
0.2812083
0.006503529
0.007414351
0.029744029
0.029735697
0.001838359
0.0011216842
0.029680824
0.0020807288
0.029627439
0.0020831164
0.0421221
0.02954028
0.013975179
0.016802799
0.029442893
0.02939836
0.029347412
0.029290704
0.02922883
0.029464295
0.0013751013
0.008975749
0.002402113
0.028998692
0.0070282975
0.028919155
0.028872
0.028818808
0.028760212
0.028696772
0.0023147322
0.016655164
0.020911438
0.014732256
0.028377304
0.024369724
0.028234804
0.028158873
0.011859208
0.028002255
0.064925425
0.033710066
0.027821925
0.027773818
0.027720073
0.02766128
0.027597966
0.0275306
0.027459618
0.027385408
0.027308322
0.027228674
0.447513
0.027038543
0.026931057
0.010590737
0.026721839
0.00543182
0.026527265
0.01684365
0.026357297
0.004036904
0.002511602
0.026137514
0.0013275226
0.0016488265
0.080171406
0.35620803
0.025845813
0.024972271
0.025705213
0.025927812
0.025572857
0.014964582
0.025447527
0.025380818
0.0011455184
0.044644684
0.025203753
0.021730661
0.007679114
0.02504626
0.024988214
0.0021339643
0.2495255
0.017619563
0.024705403
0.0010263214
0.0066980612
0.024474641
0.024399782
0.011395042
0.024250776
0.024176417
0.013024168
0.018110633
0.34083605
0.023901938
0.041726712
0.023815583
0.014002118
0.02192667
0.002456501
0.18966316
0.023631759
0.0023587823
0.0120584825
0.0039576828
0.023555716
0.0031623202
0.022560935
0.0015959088
0.07708863
0.02345219
0.023419736
0.0012948209
0.069016896
0.023328615
0.02330374
0.012275136
0.023237027
0.023196239
0.0019199946
0.023106966
0.008489582
0.0071027125
0.075665295
0.022976536
0.0018196059
0.022935383
0.022907753
0.02287377
0.0026213836
0.022800025
0.003066716
0.022721402
0.17614172
0.022620847
0.01820227
0.035473093
1.6381185
0.022339134
0.02222758
0.106866375
0.0026760087
0.021900464
0.5737667
0.016607683
0.021710938
0.0035002409
0.0016847561
0.0028801737
0.023158612
0.0047249966
0.017428402
0.0073400703
0.0067481925
0.021424584
0.021394998
0.007406688
0.021322966
0.0024611913
0.014556716
0.0041873814
0.02116036
0.0028921498
0.021074025
0.021028625
0.020979237
0.02092629
0.020870151
0.020811172
0.010361643
0.009082551
0.013532911
0.020592092
0.020535389
0.020476012
0.00786022
0.020361515
0.020305756
0.020247301
0.00242268
0.020129995
0.020070976
0.020009676
0.01994634
0.019881204
0.01981447
0.01576299
0.01969024
0.019631699
0.015898082
0.0095143365
0.019447833
0.012688814
0.01932151
0.00847599
0.0057049175
0.012546584
0.019093368
0.016547112
0.018990466
0.21236126
0.018885193
0.0055221952
0.0070834244
0.00818553
0.28926343
0.012520027
0.008355768
0.018517595
0.017531397
0.0044188784
0.018337945
0.0021378016
0.018224567
0.018068776
0.011049008
0.004109566
0.018037863
0.017991016
0.017941363
0.0023720402
0.017839732
0.016896432
0.027391354
0.017693963
0.013386274
0.0012888012
0.017565526
0.017522294
0.017476037
0.017427078
0.017375708
0.017322188
0.01726676
0.0012455543
0.017159278
0.0010808664
0.005987875
0.012436337
0.00062323554
0.016943986
0.016922515
0.0059609716
0.007834683
0.016843097
0.005952227
0.0005121917
0.016761342
0.0024051054
0.0009296047
0.0013300793
0.016648881
0.0013755783
0.0017290084
0.007520937
0.016535932
0.011238961
0.016478557
0.00039543185
0.016423453
0.016392889
0.0016178681
0.0070179007
0.006606605
0.016263824
0.016232606
0.0016729552
0.016167784
0.01613405
0.0021648211
0.016060717
0.0071661267
0.015981356
0.01593847
0.015893016
0.015845275
0.015795497
0.015743908
0.0077906693
0.015647354
0.00026026697
0.01556029
0.015516404
0.015470202
0.0003087279
0.013156906
0.015332237
0.0012743413
0.015243047
0.0151991695
0.01515309
0.01510505
0.015055264
0.0040961257
0.014954672
0.0559692
0.009250626
0.07736706
0.014722419
0.014656659
0.014591156
0.0016014408
0.014469111
0.01441172
0.013572847
0.0012784865
0.014241513
0.012614779
0.014131361
0.014075489
0.011950883
0.0039801425
0.38074607
0.013830843
0.013754852
0.019799937
0.024207572
0.013574997
0.013527778
0.00069517177
0.0072262217
0.004879902
0.00076421245
0.0003018648
0.013272875
0.013235463
0.013195932
0.013154513
0.013111414
0.00027182666
0.0027989885
0.012988797
0.012948508
0.012906502
0.0023813942
0.005327027
0.0076373783
0.014907006
0.0028984225
0.0009767959
0.0011029859
0.012652773
0.0032380603
0.0045044413
0.012590909
0.00026995828
0.00013427086
0.00016813661
0.012507319
0.00023117887
0.012464876
0.012440885
0.002558468
0.0063344473
0.0006327634
0.012359973
0.012340326
0.012317057
0.0015144676
0.008393366
0.003854974
0.00034375206
0.0122055
0.039806753
0.012154134
0.012122169
0.00013702996
0.00012385954
0.0005135645
0.0120040905
0.0119754495
0.00010764807
0.011916027
0.011885218
0.011852073
0.00028855345
0.011784426
0.011749876
0.01171342
0.011675269
0.011635614
0.15994214
0.01153857
0.0064590387
0.004678519
0.00021821485
0.0035128917
0.011284605
0.011238679
0.010717441
0.011155409
0.01111716
0.0096344305
0.020634929
0.011007969
0.01097646
0.010943046
0.0022481352
0.010874068
0.0019314368
0.010808681
0.010776773
0.013863565
0.010718346
0.010691114
0.006003776
5.0363593
0.010718635
0.0005970193
0.010847667
0.010898427
0.010939183
0.01026409
0.010994479
0.002948507
0.0007144465
0.011032564
0.011036391
0.025962649
0.005654912
0.01103151
0.011023223
0.011010578
0.003941199
0.0016033245
0.010958379
0.010429993
0.003947062
0.010888655
0.0043619284
0.010838364
0.010812562
0.010784229
0.010753634
0.003625489
0.010689084
0.010655294
0.010619848
0.0015857212
0.010549327
0.0025117798
0.010483022
0.0104500875
0.0075159813
0.0045770877
0.01034515
0.0050119325
0.0054054805
0.01023651
0.0018694745
0.0013506507
0.01013181
0.01009812
0.010062996
0.010026594
0.009989066
0.00995054
0.0013535141
0.009875752
0.04298141
0.010476102
0.009787197
0.0021645415
0.0060553364
0.0030147699
0.0036068193
0.009652872
0.0014763544
0.009597118
0.0028839177
0.0011696045
0.0011660702
0.004817826
0.009465345
0.009438718
0.009410193
0.0027901868
0.009354089
0.5210465
0.009275622
0.0008824996
0.009181057
0.021721512
0.0011045408
0.0048201564
0.00903088
0.004640021
0.00034827128
0.008931671
0.0016949843
0.008869399
0.008837682
0.008804852
0.008771038
0.0057376972
0.008701713
0.008666318
0.008630261
0.008593625
0.00855649
0.0085189175
0.0069167
0.0084431125
0.008404944
0.0009141541
0.008333144
0.005427858
0.008265097
0.0011163582
0.008197959
0.18790117
0.008150138
0.008133053
0.008113664
0.00809221
0.008068909
0.02132445
0.0039735255
0.008001525
0.007978162
0.007953192
0.00792679
0.007899112
0.007870299
0.00784048
0.014085714
0.039030373
0.0077737384
0.002359591
0.007741223
0.007722492
0.0017519816
0.0076847947
0.027357316
0.007641343
0.007615643
0.0075887167
0.007560702
0.0015584937
0.0047204164
0.0074760164
0.007447134
0.00024003815
0.007390198
0.0025460378
0.0011123054
0.001337292
0.00026414
0.0072744465
0.007252689
0.0072294576
0.0038193848
0.006973983
0.14558728
0.013742026
0.0070877783
0.007058161
0.00049119047
0.005256876
0.00698081
0.0069585834
0.0069350577
0.0069103767
0.00688467
0.006858054
0.000526145
0.0049565816
0.0067791045
0.00062745163
0.0018031653
0.0051488206
8.9265246e-05
0.0066757253
0.0005010064
0.006645425
0.0019648378
0.005709904
0.0066024014
0.0065859756
0.0013796585
0.005983282
0.0029742904
0.00651102
0.00020971794
0.0032382368
0.0013254912
0.006431435
0.006410729
0.0006634957
0.0023542726
0.0011706803
0.0063273744
0.00045808597
0.0062861578
0.0062649483
0.0039408756
0.0062250737
0.0023915719
0.0061869468
0.00064072805
0.059821095
0.000108522894
0.006097869
0.0031205802
0.0060499925
0.006025396
0.006000148
0.005974329
0.0059480076
1.8717922
0.0058451276
0.0057739923
0.0057073273
0.0056446735
0.012297131
0.0055370117
0.005490534
0.00023691979
0.005405508
0.00017491105
0.0053315675
0.0038062283
0.00526927
0.005241111
0.0052130646
0.0007881868
0.005160987
0.0051365737
0.0051119328
0.0050870995
0.0050621056
0.0050369804
0.005011749
1.794275
0.004916071
0.0034175164
0.004789863
0.0023575732
0.004680367
0.0046307566
0.0045838715
0.039033473
0.007703633
0.0044599776
0.0018421741
0.0005324815
0.0043683085
0.0009858898
0.0043182173
0.0042950897
0.0020920476
0.0042497413
0.0027763757
0.0015459042
0.0041872277
0.0027278624
0.0041532945
0.004137434
0.0041209646
0.0041039567
0.00094033097
0.004071674
0.0040561855
0.0017960537
0.2008965
0.0021043527
0.003976233
0.0039518285
0.003927795
0.0039041059
0.0009753888
0.0038606597
0.003840547
0.00382041
0.0038002622
0.0037801154
0.011615174
0.0037452958
0.003730073
0.003714375
0.0036982554
0.0036817675
0.0036649567
0.0036478648
0.00033952406
0.0036144245
0.0035979897
0.00086333737
0.0035653121
0.3178056
0.0035173602
0.0014104764
0.04680914
0.0034443208
0.0034274966
0.003410513
0.00019985784
0.0003702537
0.0033640245
0.0033498895
0.003335354
0.0016451748
0.0033082333
0.0032954242
0.00018138142
0.00018236683
0.0032585885
0.003246663
0.29523513
0.003237427
0.003238603
0.00013300875
0.016319633
0.003232597
0.0032267105
0.00046467723
0.0012657845
0.002950459
0.0032008851
0.036630895
0.027565762
0.0031891353
0.001065596
0.003179324
0.0031729047
0.003165368
0.010314133
0.0045116614
0.0031500473
0.003146344
0.00038972523
0.0010683432
0.0026134413
0.018782629
0.00057673495
0.003140031
0.002490342
0.0031441834
0.025654398
0.00032662757
0.005068679
0.0031628713
0.00011153987
0.0031715792
0.0031735352
0.0031735091
0.0031716966
0.0031682763
0.00316341
0.0114360815
0.0031549907
0.0031511774
0.0031459632
0.002970492
0.0031319421
0.00014839016
0.0031153879
0.016422821
0.0030983184
0.0030892629
0.010616056
0.00063058775
0.003067701
8.146404e-05
0.0030542144
0.06537058
0.0030478516
0.003047141
0.0030447629
0.0014629645
0.0030361963
0.004348118
0.0030268917
0.08571896
0.0030269767
0.0030295977
0.00095870503
0.002440843
0.010167387
0.0030292817
0.0012170699
7.604865e-05
0.0030300235
0.0030288512
0.0030260521
0.0030217897
0.0020988465
0.003009747
0.0010054124
0.0028410852
0.0029857166
0.67498755
0.0029906286
0.0030019716
0.0030104897
0.0030164453
0.0030200784
0.0030216107
0.0030212447
0.0030191664
0.003015545
0.003010535
0.0030042776
0.0029968997
0.00013854534
0.0029811095
0.0029727055
0.00023199937
0.00084477087
0.002947488
0.0029393353
0.0027648506
0.0029204758
0.059793293
0.0001294255
0.00018100433
0.0028641631
0.0028502792
0.0028361336
0.002821761
0.0011027757
0.0027949498
0.0027823043
0.0007960756
0.0027567584
0.0021996845
0.0027308231
0.0027174999
0.0027039272
0.0026901388
0.00062410475
0.00266286
0.00050001725
0.00026359767
0.0026245634
0.0025065448
0.0024342947
0.00016032021
0.002588233
0.0017587985
0.000102075166
0.0025692175
0.0025628745
0.0025556458
0.00020040799
0.0016575375
0.0025319955
0.0025232546
0.0025138927
0.0025039786
1.1877269
0.001945453
0.0024168063
0.002382399
0.0023195292
3.5158381
0.002247792
0.0007192161
0.001070693
0.00206767
0.0020190864
0.0019747256
0.001934105
8.521593e-05
0.0018635603
0.0018328122
0.0018042886
0.001777751
0.008630132
0.0017330578
9.751388e-05
0.0016971759
0.0016809249
0.0016653622
0.0016504214
0.004758222
0.001624108
0.0016124265
0.006806506
0.0011492461
0.0015857297
0.0015786289
0.0015712994
9.712449e-05
0.0015570273
0.0015500316
0.0015428119
0.001535395
0.00046772062
0.0015204899
0.0015129992
0.011440443
0.0015008799
0.00058847206
0.0014909512
0.001485557
0.0014798082
0.0019162095
0.0014692027
0.00051711657
0.001459235
0.0014538601
0.0014481451
0.001442128
0.00088163617
0.0020949084
0.00020972053
0.00046598518
0.0014219412
0.0014190156
0.0014155173
0.013467142
9.035733e-05
0.0002397405
0.024484474
0.0008827484
0.0014140694
0.001415026
0.0014150199
0.0014141458
0.0013449914
0.0014101539
0.008391736
0.0039899773
0.00011475505
0.0014082171
0.0014081268
6.0757484e-05
0.0007554221
0.00033456506
0.008495237
0.00059524324
0.0056772344
0.0014076376
0.0014086913
0.0014087677
0.0014079635
0.0044837813
0.001448896
0.0014073061
0.0521276
0.44033322
0.0017998146
0.0013915426
0.0007852744
5.481976e-05
0.001368735
0.0106040975
0.0013580526
0.11971046
0.0013560251
0.0013572433
0.0002883669
0.00064792304
0.6519317
0.0013770387
0.0013925103
0.0014056831
0.011650576
0.0014291785
0.0014395373
0.0006371096
0.0014550579
0.0014605139
0.0014645185
0.0014672074
0.065325305
0.0014752155
0.0014801694
0.0012266893
0.00085829914
0.0014874537
0.0029295771
0.0014888872
0.0014889407
0.0014880404
0.00043429295
0.0014843111
0.0014815901
0.0014781951
0.0005930349
0.52375054
0.0014493918
0.0004396024
0.0014125017
0.00041108744
0.005760483
0.0013683339
0.0013563539
0.0012059496
0.0013335298
0.0013226176
0.00036831805
0.5944667
0.0012781103
0.001255611
0.0012347711
0.0012154088
0.0011973632
0.0129077835
0.0011677529
0.00014915696
0.0011447748
0.009745513
0.000449077
0.0011205664
0.00014047715
0.0020311528
0.0011037069
0.0004093033
0.0010950073
0.0065787733
0.0010863369
0.001081675
0.00044871712
0.023133993
0.0010722333
0.0010710576
0.0010693121
0.000887954
0.0010655887
0.0010635832
0.0007225216
0.0010582885
0.0025858697
0.00041349052
0.0011405797
0.0010498647
0.0010480696
0.000583099
0.0010432048
0.00014768889
0.0010372876
0.0010339798
0.0010303335
0.0010263853
0.001022169
0.0002677362
0.0010133756
0.0010884556
0.0010053619
0.0010015997
0.00024290328
0.0009936211
2.9668203e-05
0.0009856496
0.0009816092
0.0009773354
0.00031074855
0.00096847204
0.0009638991
0.00035489324
0.00095451943
0.000949725
0.0009447945
0.00093974505
0.0021202487
0.00093085424
0.00092688214
0.00012916686
0.0009187283
0.00091455155
0.0009101957
0.0030576428
5.574938e-05
0.00089987455
0.0008967475
0.00089334324
0.00088969216
0.000885822
0.00088175747
0.00087752135
7.955056e-05
0.0005301741
0.000864894
0.007392604
0.0043864893
0.00085734075
0.0007429166
0.014395288
0.0007996559
0.0008544168
0.00034929815
0.0013467056
0.0008523975
0.0008516099
0.0008503317
0.00066108
0.0008465645
0.00084415544
0.0008414233
0.0008384025
0.00083512464
0.0008316179
0.000827908
0.00018051926
0.0008202677
0.00011870159
0.0008126203
0.00025159738
0.0020034504
0.0008034026
0.00042066746
0.0007984126
0.0007955638
2.9994488e-05
0.00015648725
0.0003204613
0.0007845981
0.00078207697
0.00077928056
0.0007762386
0.0007729783
0.00076952414
0.00076589826
0.00076212065
0.00075820944
4.5589608e-05
9.793963e-05
0.00074692717
3.382007e-05
0.0002256382
0.00017499119
0.00073468586
0.0007318075
0.0007287211
2.0969746e-05
0.0007225308
0.09603883
0.0007116187
0.00067754684
3.8179347e-05
0.0006904928
0.00068419066
0.00067807396
0.0002614379
0.00066650833
0.00039355818
0.0006557352
0.00040481583
0.00064554875
0.0006406174
0.0006357529
0.00063095154
0.0006262096
9.022391e-05
9.171461e-05
0.00061308604
0.00060900516
0.0006049218
0.00090983615
0.0005968033
0.00059276854
0.0005887373
0.0005692724
0.0005814748
0.00057816476
0.00013438945
0.0058907545
0.00024799514
0.00012529416
0.0077610016
0.0005655007
0.0005631201
0.0005605889
0.00055792416
0.00055514154
0.0005522547
0.00034514364
0.00054688455
0.0005443529
1.2722736e-05
0.00053929683
5.0409817e-05
0.00053457264
0.00045421996
0.00052978203
0.00052721065
0.1751683
0.00052662945
0.000397158
3.94721e-05
0.0005302923
0.00029849826
0.0005310749
0.0005309142
0.0005304009
0.00019791872
0.0003534941
0.00015421747
0.00052716583
0.000869034
0.000525337
0.00052431505
0.000523023
0.00052148884
0.004624969
0.00051893183
0.0005178363
0.00051648193
0.0005148956
0.00051310204
0.0005111237
0.00050898065
0.00050669146
0.00050427264
0.00050173915
0.00049910485
0.0004963816
0.00049358077
0.00023008992
0.00048790692
0.00048503824
0.00048211467
0.00047914407
0.00037158126
0.00023088873
0.0004704219
0.00046765356
0.0005807746
0.00021768686
0.00046007155
0.0004576146
0.0004550787
0.0004524739
0.0004498091
0.00044709232
0.00044433083
0.00044153127
0.00043869938
0.0004358406
0.0004329597
0.00043006102
0.00033237078
0.00042460943
0.00042202268
0.00041939484
0.00019993253
0.00041413933
0.0002561495
0.00040891866
0.00040629428
0.009792573
0.00040023567
0.0003968918
0.00039360696
0.00023264182
0.00011470061
0.00038488742
0.00036870362
0.00019177755
0.00015292663
0.00027052313
0.0003724175
0.00037010823
0.00036776604
0.0003653959
0.00050749
0.0024813302
0.0003598898
5.866693e-05
0.00035731826
0.00035593222
0.00035442697
0.00035281558
0.00035111
8.7312896e-05
6.9158894e-05
0.00034625278
0.00047526057
0.00034340427
0.00034203497
5.3492342e-05
0.00033914263
5.7946865e-05
0.00021081082
0.00029223957
4.3827324e-05
0.00033169152
0.0009437494
0.1416596
0.0003323923
0.00033506335
0.00033723956
0.00033896303
0.00034027352
0.00034120807
0.00034180112
8.4135834e-05
0.009034393
5.707734e-05
4.0002145e-05
0.00033967962
0.0011705363
0.00033736572
0.0003359823
0.00033448852
0.00033289668
0.0009960165
0.00033009835
0.000328845
8.4663916e-05
0.0003261166
0.00010076269
2.492989e-05
0.00032238546
0.00032119092
0.0003198764
9.573576e-05
0.000113545466
0.00031608934
0.00031477798
1.7355469e-05
0.00031211262
4.6481353e-05
0.00030960052
1.3080016e-05
0.00030720214
0.00030595623
0.0001145122
0.00030325158
0.0003018059
0.0023823506
1.0198141e-05
1.8095043
8.628194e-05
0.2704569
0.00024899436
0.00023303284
0.001108377
0.06864467
0.0004966205
0.00014046767
0.0001747175
0.00016657334
0.00015934378
0.00015290458
0.00014715017
0.0003412293
0.00013758808
0.00013360482
2.9062181e-05
3.6052767e-05
0.00073964975
0.00012168995
0.00017910848
0.00011772407
0.02550715
0.00011524834
0.000114484596
0.00011371582
0.00011294234
0.00011216454
0.00011138296
0.00011059814
3.8974926e-05
0.000109058245
0.00010830032
0.000107537824
0.000106771666
0.00010600266
2.4658084e-05
0.00010451313
0.00010378815
0.000103057864
0.001677621
0.000101917714
0.00021577421
0.000101150596
0.000100781326
0.00010605378
2.2967126e-05
9.974075e-05
9.938922e-05
9.8996534e-05
0.00018382924
9.741852e-05
9.788682e-05
9.748592e-05
7.176871e-05
2.2551161e-05
9.6160664e-05
9.569532e-05
9.520317e-05
0.0012402664
7.3878095e-05
2.2103299e-05
9.386501e-05
0.0020631284
9.3523384e-05
9.344072e-05
9.329411e-05
9.3089955e-05
9.316459e-05
0.0010737868
9.268598e-05
0.0010627164
2.3948198e-05
9.294184e-05
9.2980656e-05
2.0849342e-05
9.291518e-05
9.281748e-05
6.8179994e-05
9.255248e-05
9.2386035e-05
0.09244412
9.372326e-05
9.5079486e-05
9.624602e-05
9.723602e-05
9.8062534e-05
9.8738186e-05
9.927519e-05
4.8457383e-05
0.00010000352
0.0001002137
6.207172e-05
0.000100461075
0.00063276227
0.00010070622
0.00010080857
0.000100821075
0.00010075248
0.00010061075
0.0007651143
5.622244e-05
6.42698e-05
0.00024133114
0.00010026023
0.00010019408
0.00010005464
9.984928e-05
9.95848e-05
9.9267345e-05
0.0029390047
6.4095744e-05
9.753298e-05
0.00024421932
3.0560524e-05
9.541233e-05
1.5713138e-05
2.4295762
0.00010308509
0.00011192158
0.00012041946
0.00012847855
0.00021670967
0.00014302022
0.003222052
0.002036222
0.00015980535
0.00090207276
0.00016770615
0.0001708838
0.00017363839
0.0009751423
0.0003061049
0.00017929285
0.00018046639
0.00018137544
0.00018204353
0.0001824926
0.00073252275
0.00018267543
0.0022671523
0.0052996636
0.0020053897
0.0005226294
0.00017714089
0.0030531725
0.00017342587
0.00017145828
0.0012676576
0.0001674953
0.0057840003
0.007662683
0.00016010676
0.0053073494
0.00015426637
0.004284154
0.00045635877
0.0012788934
0.00014243356
0.00013971856
0.0003253092
0.00018945527
0.0001324961
0.00013035652
0.00012834246
0.00012644041
0.00012463858
0.00012292656
0.000488973
0.0001196539
0.00011808812
0.00028655818
0.00011510651
0.01982174
0.00047226824
0.00055861875
0.0005504909
0.00010493805
0.0007904235
0.000101047066
9.92351e-05
9.753636e-05
9.593912e-05
0.00028998137
9.296123e-05
9.156902e-05
0.027444186
0.0003987584
8.568081e-05
0.00040845628
0.0078121927
7.957716e-05
7.763053e-05
7.584516e-05
0.0009914336
7.2589566e-05
0.0008371305
6.9645204e-05
7.364969e-05
9.033213e-05
0.0006002873
6.471066e-05
0.0016784422
6.26697e-05
6.1766805e-05
6.091484e-05
0.00014274826
0.0014197559
5.8501966e-05
5.7724483e-05
0.00019300322
5.626366e-05
5.5574583e-05
5.49153e-05
7.807513e-05
5.471956e-05
0.00031579594
5.2475396e-05
8.792081e-05
0.00055919396
0.0001120407
5.0188573e-05
4.9642007e-05
0.00024783664
4.858431e-05
4.8072172e-05
4.7575155e-05
4.709172e-05
4.662053e-05
5.185977e-05
0.0008455542
0.00016234856
0.0003089233
9.228638e-05
4.385129e-05
4.340775e-05
0.00021672607
0.00037570513
4.211756e-05
