0.30595204
8018113.0
1330160.2
2535.2502
112782.06
178007.62
30409.904
412549.7
54531.438
6465.419
207.6779
1717.6134
66.52589
6.0268097
91.16443
1.2343179
95.20009
17.51084
19.387733
0.22038095
44.430824
33.66752
1.2079065
1.731851
13.09279
3.262391
1.6814085
6.714281
160.99388
0.49628934
18.730227
381.6316
0.2655257
0.266878
128.47003
7.1594415
9.245042
0.47945198
135.33438
0.2725625
0.27320424
1.6645564
0.27428865
0.27474242
34.27266
3.281149
0.27582964
0.27611077
0.2763548
0.27656484
0.2767439
0.2768945
202.77583
0.27722877
0.27740696
0.27755648
0.2776797
0.27777892
0.27785614
0.27791324
0.27795187
0.27797365
0.2779801
0.27797237
8.691404
0.2779225
8.052964
0.2778346
0.27777743
0.27771148
0.27763742
0.277556
0.27746776
0.27737325
0.27727297
0.27716738
0.27705684
0.2769418
16.961689
0.27672404
0.27661973
0.27650997
0.27639526
0.2762759
0.2761523
0.27602482
0.27589366
4.7911043
149.87747
0.27543303
0.2752677
0.27510223
10.427316
0.27476522
0.27459395
0.27442262
0.2742512
0.27407956
0.2739077
0.2737355
0.27356285
311.17258
0.27284598
0.27233773
0.2718615
0.2714142
0.27099288
0.27059504
0.27021828
0.2698605
0.26951987
0.26919457
0.5785604
0.268579
0.26828653
0.26800457
0.26773208
0.267468
0.26721156
0.2669619
0.26671833
0.2664802
0.25121897
0.2660234
0.26580316
0.2655859
0.26537126
0.26515895
0.6204264
0.26474747
0.26454714
0.26434743
0.26414838
0.2639498
0.26375157
0.26355365
0.26335585
0.2631583
0.26296073
0.26276317
0.26256564
1.3268217
0.26215085
0.26193538
0.26172152
0.26150888
0.2612974
0.2610869
0.2608772
0.26066825
0.26045978
0.26025185
0.2600443
0.25983703
0.25963002
0.2594231
0.2592163
0.25900954
0.25880277
0.25859594
0.258389
0.25818196
0.2579747
0.25776726
0.25755963
0.25735173
0.25714356
0.25693512
0.25672638
0.2565173
0.25630793
0.25609824
0.25588813
0.25567773
0.25546694
0.25525582
0.25504428
0.2548324
0.2546201
0.25440744
0.25419438
0.2539809
21.035955
0.2535991
0.25342634
0.25324917
0.25306797
0.25288305
0.25269476
0.25250337
0.25230914
0.2521123
0.25191304
0.2517116
0.25150812
0.25130278
0.25109565
0.25088698
0.2506768
0.25046524
0.25025246
0.25003842
0.24982333
0.24960719
0.24939004
0.24917202
0.24895313
0.24873345
0.24851303
0.24829184
0.24807
0.2478475
0.24762443
0.24740072
0.24717647
0.24695167
0.2467264
0.24650057
0.24627423
0.24604751
0.24582028
0.24559264
0.24536458
38.750763
0.24485868
0.24458577
294.87457
0.24383621
0.2433811
0.24294873
0.24253668
0.24214278
0.24176513
0.24140197
0.24105181
0.24071328
0.24038513
2.4117951
0.23973839
0.2394197
0.2391092
0.23880616
290.7977
0.23769681
0.23694216
0.23623982
0.23558448
0.23497137
0.23439625
0.23385525
0.23334493
0.23286223
0.2324043
0.23196875
0.23155327
0.23115589
0.23077475
0.23040824
0.23005486
0.22971334
0.22938249
0.22906116
0.22874846
0.22844349
0.2281455
0.19035147
0.22757222
0.22729531
0.22702247
0.22675335
0.22648756
0.22622469
0.22596449
49.55823
0.22546321
0.2252206
0.2249787
0.2247374
0.22449654
0.22425605
0.22401586
0.2237759
0.22353609
0.2232964
0.22305682
0.22281726
0.22257777
0.22233823
0.2220987
0.22185908
0.22161944
0.22137973
0.22113994
0.22090006
0.22066009
0.22042002
100.12031
0.22012763
0.22005732
0.21997054
0.21986875
0.21975334
0.21962559
0.21948656
0.21933734
0.21917889
0.219012
0.21883751
0.21865614
0.21846852
0.21827526
0.21807681
0.21787377
0.21766646
0.21745537
0.21724083
225.11629
0.21690944
0.21678455
0.21664928
0.21650428
0.21635033
0.2161881
0.21601826
0.21584137
0.21565807
0.21546893
0.21527432
0.21507484
0.21487084
0.21466276
0.21445096
0.21423574
0.21401744
15.329592
0.213521
0.21324846
0.21297844
0.21271063
0.21244483
0.21218078
0.21191837
0.21165736
0.21139763
0.21113905
0.21088147
0.2106248
22.441402
0.21022967
0.21007955
0.20991968
0.20975094
0.20957427
0.20939039
0.20919998
0.20900369
0.20880207
0.20859568
0.20838496
0.20817032
0.20795214
0.20773074
0.20750648
0.20727961
0.20705037
0.20681898
0.20658566
0.20635064
11.004723
0.20583308
0.20555517
0.20527995
0.20500715
0.20473652
0.20446783
0.20420086
0.20393544
0.20367149
0.2034087
0.20314707
0.20288645
4.7180824
0.20230329
0.20198707
0.20167738
0.2013735
0.20107491
0.20078108
0.2004915
0.20020577
0.19992353
0.19964437
0.19936806
0.19909425
0.19882274
0.19855325
0.19828565
0.19801968
0.19775526
0.19749214
0.19723026
0.19696943
0.19670965
0.19645076
0.19619264
0.19593522
0.19567847
0.19542232
0.19516666
0.19491152
0.19465679
0.19440247
0.19414847
0.19389479
0.19364142
0.19338828
0.19313538
0.1928827
0.19263022
0.19237788
0.19212572
0.19187373
0.19162183
0.19137006
0.19111839
0.19086684
0.1906154
0.190364
0.19011271
0.1898615
0.18961035
10.826178
0.18906115
0.18876785
0.1884789
0.18819387
0.18791233
0.18763395
0.18735838
0.18708539
0.18681471
0.18654612
0.18627936
0.18601431
0.18575077
0.18548863
0.18522769
0.18496789
0.18470913
0.18445125
0.1841942
0.18393794
54.241478
0.18340775
0.1831362
0.18286724
0.18260054
0.18233584
0.18207286
0.18181138
0.18155122
0.18129224
0.18103424
0.18077719
0.18052094
0.18026538
0.1800105
0.17975618
0.17950238
0.17924905
0.17899615
0.1787436
0.17849143
0.17823957
0.177988
0.17773668
0.17748564
0.17723481
0.17698422
182.3284
0.17611264
0.17553
0.17498183
0.17446461
0.17397507
0.17351043
0.17306808
0.17264573
0.17224143
0.17185329
0.17147967
0.17111915
0.17077036
0.1704322
0.17010354
0.16978347
0.16947114
2.8022435
0.16890883
94.373955
0.16803566
0.26250246
0.16690826
0.16639145
0.16590291
0.16543972
0.16499932
0.16457945
0.16417801
0.16379319
0.16342336
0.16306694
0.16272266
0.1623893
0.16206574
0.16175109
0.1614444
0.16114491
0.16085194
0.16056482
0.16028298
0.16000594
0.1597332
0.15946434
0.159199
0.15893686
0.15867756
0.15842089
0.15816657
0.1579144
0.15766412
0.15741563
0.1571687
0.15692323
0.15667908
0.1564361
0.15619425
0.15595336
9.618973
0.15536878
0.15503567
0.1547129
0.15439942
0.1540944
0.1537969
0.15350625
0.15322173
0.15294279
0.15266888
0.15239947
0.15213415
0.15187256
0.15161426
0.15135904
0.1511065
0.15085648
0.15060866
0.15036291
0.150119
0.14987676
0.4692386
0.14941917
0.1492013
0.14898254
0.14876296
0.1485427
0.14832184
0.14810042
0.14787851
0.14765622
0.14743352
0.14721055
0.14698732
0.14676382
0.14654014
0.14631632
0.14609237
0.14586832
0.14564419
0.14542
0.14519577
0.14497153
0.1447473
0.14452307
0.14429887
0.14407468
0.14385058
0.14362653
0.14340253
0.14317863
0.14295481
0.14273109
0.14250745
0.14228389
0.14206047
0.14183715
0.14161395
0.14139087
0.14116791
0.14094506
0.14072235
0.14049979
0.14027734
0.14005506
0.13983288
0.13961086
0.13938901
0.13916725
0.13894567
0.13872424
0.13850296
0.1382818
0.13806081
0.13783999
0.1376193
0.1373988
0.1371784
0.1369582
0.13673814
0.13651823
0.13629848
0.13607891
0.13585947
0.13564022
0.13542113
0.13520218
0.13498342
0.13476482
0.13454637
0.13432811
0.13410999
0.13389204
0.13367425
0.13345665
0.1332392
0.13302194
0.13280484
0.1325879
0.13237113
0.13215454
0.13193811
0.13172185
0.13150577
0.13128987
0.13107413
0.13085856
0.13064317
0.13042796
0.13021292
0.12999806
0.12978338
0.12956886
0.12935454
0.12914036
0.12892637
0.12871258
0.12849896
0.1282855
0.12807223
0.12785918
0.12764625
0.12743354
0.12722097
0.12700862
0.12679645
0.12658444
0.12637262
0.12616098
0.12594953
0.12573825
0.12552717
0.12531628
0.12510557
0.12489504
0.1246847
0.12447454
0.12426457
0.12405479
0.1238452
0.123635784
0.12342656
0.123217516
0.123008676
0.12280002
0.12259155
18.541664
0.12212786
0.12187778
0.12163244
0.12139136
0.12115411
0.12092025
0.12068946
0.12046143
0.12023588
0.12001256
0.11979126
0.119571805
0.11935403
0.119137734
0.11892283
0.118709154
0.11849665
0.11828518
0.11807466
0.11786503
0.11765623
0.11744818
0.117240794
0.11703408
0.11682795
0.11662241
0.11641737
0.11621283
0.11600874
0.11580511
0.11560187
2.595507
0.11514353
0.11489378
0.11464923
0.114409395
0.114173815
0.11394209
0.11371385
0.11348877
0.11326655
0.11304693
0.11282968
0.11261457
0.1124014
0.11219003
0.11198028
0.111772
0.111565076
0.111359395
0.111154854
0.11095136
0.11074882
0.11054718
0.11034635
0.11014627
0.109946914
0.10974819
0.109550096
0.10935256
0.10915555
0.108959064
0.10876303
0.108567454
0.1083723
0.108177535
0.10798317
0.10778916
0.10759551
0.10740219
0.10720919
0.10701651
0.10682412
0.106632024
0.106440224
0.106248684
0.10605744
0.10586643
0.10567571
0.105485216
0.10529499
0.10510501
0.10491527
0.10472578
0.10453652
0.10434749
0.1041587
6.154255
0.10374783
0.1035293
0.103314124
0.103102
0.102892645
0.10268576
0.10248113
0.10227856
0.10207783
0.10187879
0.1016813
0.1014852
0.1012904
0.101096764
0.10090421
0.10071265
0.100522004
0.10033219
0.10014317
0.09995487
0.099767245
0.09958025
0.09939383
0.099207975
0.09902263
0.09883776
0.09865337
0.09846941
0.09828586
0.0981027
0.09791993
0.09773751
0.097555436
0.09737372
0.09719231
0.09701121
0.096830405
0.09664992
0.09646971
0.09628977
0.09611011
0.095930725
0.095751606
0.09557275
0.09539414
0.09521577
0.095037684
0.09485983
0.09468221
0.09450485
0.09432772
0.09415082
0.09397415
0.09379775
0.093621545
0.09344561
0.09326987
0.093094386
0.092919126
0.092744075
0.09256927
0.08561228
0.09222391
0.092053
0.091882
0.091710925
0.09153982
0.091368705
0.0911976
0.09102653
0.0908555
0.09068456
0.090513684
0.09034292
0.09017225
0.09000172
0.089831315
0.08966104
0.08949093
0.08932096
0.08915117
0.08898153
0.08881207
0.0886428
0.08847371
0.088304795
0.088136084
0.08796756
0.08779923
0.08763112
0.08746319
0.08729548
0.08712796
0.086960666
0.08679358
0.086626686
0.08646003
0.08629358
0.08612733
0.085961305
0.0857955
0.0856299
0.085464545
0.08529939
0.085134454
0.08496974
0.08480525
0.084640965
0.08447692
0.08431309
0.08414948
0.083986096
0.083822936
0.08366
0.08349728
0.08333478
0.083172515
0.08301047
0.08284863
0.08268704
0.08252566
0.08236451
0.08220359
0.08204288
0.08188241
0.08172214
0.08156211
0.08140231
0.081242725
0.08108336
0.080924235
0.08076534
0.08060664
0.08044819
0.08028995
0.08013194
0.07997417
0.07981661
0.079659276
0.07950216
0.07934528
0.07918862
0.07903219
0.07887598
0.07871999
0.07856425
0.07840871
0.07825339
0.07809832
12.179813
0.07767491
0.07741844
0.077172786
0.07693691
0.07670979
0.07649058
0.0762785
0.07607283
0.07587296
0.07567831
0.07548839
0.07530273
0.075120926
0.074942626
0.074767485
0.07459522
0.07442556
0.07425826
0.07409311
0.07392992
0.07376851
0.07360874
0.07345044
0.07329351
0.07313782
0.12462739
0.07283636
0.07268975
0.07254342
0.07239739
0.07225163
0.07210614
0.07196091
0.07181594
0.07167123
0.07152677
0.07138256
0.07123859
0.07109488
0.070951395
0.07080816
0.07066514
0.07052237
0.07037983
0.07023752
0.070095435
0.069953576
0.06981195
0.06967056
0.069529384
0.06938843
0.06924771
0.06910721
0.06896692
0.06882688
0.06868704
0.06854743
0.06840803
0.06826886
0.0681299
0.06799117
0.06785265
0.067714356
0.06757629
0.06743842
0.06730079
0.06716337
0.06702617
0.06688919
0.06675242
0.06661587
0.06647955
0.06634343
0.066207536
0.06607187
0.06593639
0.06580115
0.065666124
0.065531306
0.06539672
0.06526234
0.06512818
0.06499423
0.0648605
0.064726986
0.064593695
0.06446061
0.06432775
0.0641951
0.064062655
0.06393044
0.06379844
0.06366666
0.06353508
0.06340372
0.06327257
0.06314165
0.06301094
0.062880434
0.062750146
0.06262008
0.062490225
0.062360585
0.062231164
0.06210195
0.061972953
0.06184417
0.061715603
0.06158725
0.061459105
0.061331183
0.061203465
0.061075967
0.06094867
0.0608216
0.060694743
0.060568094
0.060441658
0.060315438
0.060189426
0.060063627
0.059938043
0.05981267
0.059687514
0.059562568
0.059437834
0.059313312
0.059189
0.05906489
0.05894101
0.05881733
0.058693867
0.4702814
0.058461666
0.05835151
0.058240313
0.05812816
0.058015183
0.05790149
0.05778716
0.057672277
0.057556923
0.057441153
0.057325035
0.057208635
0.057091977
0.056975126
0.05685811
0.056740984
0.056623764
0.056506477
0.056389153
0.05627182
0.05615451
0.05603722
0.055919982
0.055802807
0.05568571
0.055568706
0.055451803
0.055335015
0.05521834
0.0551018
0.054985408
0.054869153
0.054753046
0.054637097
0.054521307
0.054405686
0.054290242
0.05417496
0.05405986
0.05394493
0.0538302
0.05371564
0.053601265
0.05348709
0.0533731
0.0532593
0.053145688
0.05303227
0.052919053
0.052806024
0.05269319
0.052580565
0.05246813
0.052355897
0.05224385
0.052132018
0.05202038
0.051908936
0.051797703
0.051686663
0.05157582
0.051465183
0.05135475
0.051244512
0.051134475
0.05102464
0.05091501
0.050805576
0.050696343
0.050587315
0.05047848
0.050369855
0.050261423
0.050153196
0.050045166
0.049937345
0.04982971
0.04972229
0.04961507
0.04950804
3.198805
0.049326297
0.049248528
0.04916816
0.049085457
0.04900064
0.048913915
0.048825487
0.048735533
0.048644204
0.04855166
0.048458017
0.04836341
0.048267953
0.04817174
0.048074875
0.04797742
0.047879465
0.047781076
0.047682304
0.04758323
0.04748387
0.047384303
0.047284547
0.047184646
0.047084637
0.046984542
0.0468844
0.046784226
0.04668405
0.046583883
0.04648375
0.04638366
0.046283636
0.046183687
0.046083827
0.04598406
0.045884404
6.513842
0.045641866
0.045503657
0.04536973
0.045239657
0.045113027
0.04498951
0.04486879
0.044750586
0.044634655
0.044520788
0.044408772
0.04429846
0.044189673
0.04408229
0.043976177
0.043871228
0.043767348
0.043664437
0.04356242
0.04346123
0.0433608
0.04326107
0.043161992
0.043063518
0.042965602
0.042868223
0.042771325
0.04267489
0.042578887
0.0424833
0.0423881
0.04229326
0.04219877
0.04210462
0.042010784
0.041917257
0.041824017
0.041731063
0.04163839
0.041545972
0.04145382
0.04136191
0.04127025
0.041178826
0.04108763
0.040996667
0.040905926
0.0408154
0.040725097
0.04063501
0.040545125
0.040455453
0.04036599
0.04027672
0.040187657
0.040098798
0.04001013
0.039921656
0.03983339
0.039745305
0.039657414
0.039569717
0.039482214
0.039394893
0.039307773
0.03922083
0.03913408
0.039047506
0.03896113
0.03887494
0.03878893
0.038703103
0.038617462
0.038532
3.2604675
0.0383934
0.038337175
0.038278334
0.038217116
0.03815377
0.038088504
0.038021516
0.03795299
0.037883077
0.037811935
0.03773969
0.03766647
0.03759239
0.037517533
0.03744201
0.037365895
0.037289258
0.037212174
0.037134707
0.037056904
0.03697882
0.036900494
0.036821965
0.036743283
0.03666447
0.036585562
0.036506582
0.036427554
0.0363485
0.03626944
0.036190394
0.036111373
0.036032397
0.03595348
0.035874624
0.03579585
0.03571716
0.035638563
0.03556007
0.0354817
0.035403427
0.03532528
0.035247266
0.035169378
0.035091624
0.03501401
0.034936532
0.034859203
0.034782022
0.034704987
0.03462811
0.03455137
0.034474794
0.034398377
0.034322113
0.034246013
0.034170065
0.034094274
0.03401865
0.033943187
0.03386788
0.033792745
0.033717763
0.033642948
0.033568293
0.033493802
0.03341948
0.033345323
0.03327132
0.03319749
0.03312382
0.033050317
0.032976978
0.0329038
0.032830786
0.032757938
0.032685254
0.032612737
0.03254038
0.03246818
0.032396153
0.032324288
0.03225258
0.032181043
0.032109663
0.03203845
0.031967398
0.031896506
0.031825773
0.03175521
0.031684805
0.031614557
0.031544477
0.031474553
0.031404793
0.031335194
0.031265754
0.031196471
0.031127354
0.031058393
0.030989593
0.030920954
0.030852474
0.030784147
0.030715983
0.03064798
0.03058013
0.030512443
0.030444909
0.030377535
0.030310318
0.030243253
0.030176353
0.03010961
0.030043015
0.029976578
0.029910306
0.029844182
0.029778214
0.029712405
0.029646747
0.029581243
0.029515896
0.029450703
0.029385665
0.029320778
0.029256044
0.029191466
0.029127046
0.029062772
0.02899865
0.028934684
0.02887087
0.028807208
0.028743695
0.028680341
0.02861713
0.028554074
0.028491167
0.028428407
0.028365804
0.02830335
0.028241042
0.02817889
0.028116882
0.028055027
0.027993316
0.027931757
0.027870346
0.027809085
0.027747966
0.027687002
0.027626185
0.02756551
0.027504986
0.027444609
0.027384376
0.027324291
0.027264351
0.027204562
0.02714491
0.027085412
0.027026057
0.02696684
0.026907777
0.026848853
0.026790075
0.02673144
0.026672954
0.026614605
0.026556402
0.026498346
0.02644043
0.026382653
0.02632502
0.02626753
0.026210183
0.026152978
0.026095917
0.026038993
0.025982212
0.025925567
0.02586907
0.025812708
0.025756488
0.025700407
0.025644468
0.025588667
0.025533007
0.025477482
0.025422098
0.025366854
0.025311748
0.025256779
0.025201946
0.025147254
0.025092697
0.025038274
0.024983997
0.024929848
0.024875838
0.024821967
0.024768228
0.024714626
0.02466116
0.02460783
0.024554634
0.024501571
0.024448644
0.024395855
0.024343194
0.024290672
0.02423828
0.024186024
0.024133902
0.02408191
0.024030056
0.023978328
0.023926735
0.023875274
0.023823945
0.023772744
0.02372168
0.023670744
0.02361994
0.023569267
0.023518726
0.023468312
0.023418028
0.023367876
0.023317851
0.023267955
0.023218188
0.02316855
0.023119042
0.023069667
0.023020415
0.02297129
0.022922294
0.022873426
0.022824682
0.022776067
0.02272758
0.022679219
0.022630984
0.022582874
0.022534894
0.022487035
0.022439303
0.022391697
0.022344217
0.02229686
0.022249628
0.02220252
0.022155534
0.022108678
0.02206194
0.022015326
0.021968838
0.02192247
0.021876225
0.0218301
0.021784103
0.021738224
0.021692466
0.021646833
0.021601321
0.021555929
0.021510657
0.021465508
0.021420477
0.021375567
0.021330778
0.021286108
0.021241557
0.021197125
0.021152811
0.02110862
0.021064548
0.02102059
0.020976752
0.02093303
0.02088943
0.020845944
0.020802574
0.020759324
0.020716192
0.020673173
0.020630272
0.020587489
0.020544818
0.020502264
0.020459827
0.020417502
0.020375296
0.020333203
0.020291226
0.020249363
0.020207614
0.020165978
0.020124456
0.020083046
0.12850219
0.019997746
0.019954152
0.019910935
0.019868072
0.019825533
0.019783303
0.019741358
0.019699682
0.019658254
0.019617062
0.019576099
0.019535344
0.01949479
0.019454433
0.019414255
0.019374255
0.019334426
0.01929476
0.019255249
0.019215891
0.01917668
0.019137613
0.019098686
0.019059893
0.019021237
0.01898271
0.018944308
0.018906035
0.018867882
0.018829852
0.018791944
0.018754153
0.01871648
0.018678922
0.018641477
0.018604146
0.018566929
0.01852982
0.018492822
0.018455934
0.018419156
0.01838248
0.01834592
0.018309465
0.018273111
0.018236868
0.018200727
0.018164694
0.018128764
0.018092938
0.018057214
0.018021597
0.01798608
0.017950663
0.017915353
0.017880144
0.017845033
0.017810024
0.018361606
0.017741438
0.017707745
0.017674047
0.017640356
0.017606681
0.017573027
0.017539402
0.01750582
0.017472276
0.017438784
0.017405342
0.017371962
0.017338637
0.017305378
0.017272187
0.017239066
0.017206019
0.017173046
0.01714015
0.01710733
0.017074592
0.017041935
0.017009363
0.01697687
0.016944466
0.016912146
0.01687991
0.016847763
0.016815705
0.016783733
0.016751848
0.016720055
0.016688349
0.01665673
0.016625205
0.016593764
0.016562417
0.01653116
0.016499989
0.016468912
0.016437922
0.016407022
0.016376212
0.016345493
0.016314864
0.01628432
0.01625387
0.016223509
0.016193235
0.016163053
0.01613296
0.016102955
0.016073039
0.01604321
0.016013473
0.015983822
0.01595426
0.015924785
0.015895398
0.0158661
0.015836889
0.015807766
0.01577873
0.015749782
0.015720917
0.015692143
0.015663454
0.01563485
0.0156063335
0.015577902
0.015549557
0.015521296
0.015493122
0.015465035
0.015437031
0.01540911
0.015381275
0.015353526
0.015325859
0.01529828
0.015270782
0.015243365
0.015216036
0.015188789
0.015161623
0.015134544
0.015107543
0.015080627
0.015053794
0.015027042
0.015000374
0.014973785
0.01494728
0.014920856
0.014894511
0.014868249
0.014842066
0.014815966
0.014789945
0.014764004
0.014738144
0.014712364
0.014686663
0.014661041
0.0146355
0.014610038
0.014584654
0.014559349
0.014534122
0.014508973
0.0144839045
0.014458913
0.0144340005
0.014409164
0.014384406
0.014359723
0.01433512
0.01431059
0.01428614
0.014261767
0.014237469
0.014213248
0.014189101
0.014165031
0.014141037
0.014117118
0.014093274
0.014069506
0.014045813
0.014022195
0.01399865
0.013975182
0.013951785
0.013928463
0.013905215
0.01388204
0.013858941
0.013835914
0.013812959
0.0137900775
0.01376727
0.013744533
0.013721869
0.013699278
0.013676759
0.013654312
0.013631936
0.013609633
0.0135874
0.013565238
0.013543146
0.013521127
0.013499176
0.0134772975
0.013455488
0.013433749
0.01341208
0.013390481
0.013368951
0.013347492
0.0133261
0.013304778
0.013283526
0.01326234
0.013241224
0.013220176
0.013199196
0.013178285
0.013157442
0.013136666
0.013115957
0.013095318
0.0130747445
0.013054238
0.013033798
0.013013425
0.012993117
0.012972876
0.012952701
0.012932593
0.012912551
0.012892571
0.012872661
0.012852815
0.012833034
0.0128133185
0.012793667
0.01277408
0.012754559
0.012735101
0.0127157075
0.012696377
0.012677111
0.012657911
0.012638771
0.012619696
0.012600685
0.012581735
0.012562848
0.012544024
0.012525263
0.012506563
0.0124879265
0.012469351
0.012450838
0.012432387
0.012413995
0.012395668
0.0123774
0.012359195
0.012341049
0.012322966
0.012304939
0.012286976
0.012269073
0.012251229
0.012233445
0.012215721
0.012198058
0.012180453
0.012162908
0.01214542
0.012127992
0.012110624
0.012093315
0.012076063
0.01205887
0.0120417345
0.012024658
0.012007639
0.011990677
0.011973773
0.011956926
0.011940137
0.011923405
0.011906731
0.0118901115
0.01187355
0.011857045
0.011840596
0.011824204
0.011807865
0.011791586
0.01177536
0.011759191
0.011743076
0.011727018
0.011711015
0.011695065
0.011679172
0.011663332
0.011647547
0.011631817
0.011616141
0.011600518
0.01158495
0.011569436
0.011553975
0.011538566
0.011523212
0.011507913
0.011492665
0.011477469
0.011462327
0.011447237
0.0114322
0.011417215
0.011402283
0.011387401
0.011372572
0.011357796
0.01134307
0.0113283945
0.011313771
0.0112992
0.01128468
0.01127021
0.01125579
0.011241421
0.011227104
0.011212835
0.011198617
0.01118445
0.011170332
0.011156264
0.011142246
0.011128276
0.011114356
0.011100486
0.011086662
0.01107289
0.011059167
0.01104549
0.011031864
0.0110182855
0.011004754
0.0109912725
0.010977837
0.010964451
0.010951112
0.010937819
0.010924575
0.010911378
0.010898228
0.010885124
0.010872069
0.010859059
0.010846097
0.0108331805
0.01082031
0.010807487
0.0107947085
0.010781976
0.01076929
0.010756649
0.010744054
0.010731504
0.0107189985
0.01070654
0.010694125
0.010681754
0.01066943
0.010657149
0.010644913
0.010632722
0.010620574
0.01060847
0.010596409
0.010584394
0.010572421
0.010560494
0.010548607
0.010536765
0.010524966
0.01051321
0.0105014965
0.010489827
0.0104781985
0.010466615
0.010455072
0.010443571
0.010432112
0.010420695
0.010409321
0.010397987
0.010386696
0.010375448
0.010364238
0.010353071
0.010341946
0.0103308605
0.010319816
0.010308812
0.01029785
0.010286927
0.010276046
0.010265203
0.010254403
0.010243641
0.01023292
0.010222238
0.010211596
0.010200993
0.01019043
0.010179905
0.010169421
0.010158976
0.01014857
0.0101382015
0.010127873
0.010117583
0.010107332
0.010097116
0.010086941
0.010076804
0.010066705
0.010056643
0.010046619
0.010036634
0.010026686
0.010016775
0.0100069
0.009997063
0.009987264
0.009977501
0.009967777
0.009958087
0.009948434
0.009938819
0.00992924
0.0099196965
0.009910189
0.009900718
0.009891284
0.009881884
0.009872521
0.009863192
0.0098538995
0.009844643
0.009835421
0.009826235
0.009817084
0.009807967
0.009798885
0.009789838
0.009780826
0.009771848
0.009762904
0.009753996
0.00974512
0.009736278
0.009727471
0.009718698
0.009709959
0.009701252
0.0096925795
0.0096839415
0.009675336
0.009666763
0.009658222
0.009649716
0.009641242
0.009632802
0.009624394
0.009616019
0.009607676
0.009599365
0.009591088
0.009582842
0.0095746275
0.009566445
0.009558295
0.009550177
0.009542089
0.009534034
0.00952601
0.009518018
0.009510055
0.009502126
0.0094942255
0.009486359
0.0094785215
0.009470714
0.009462938
0.009455193
0.009447478
0.009439793
0.009432139
0.009424514
0.00941692
0.009409354
0.009401821
0.009394316
0.00938684
0.009379394
0.009371979
0.009364591
0.0093572335
0.009349906
0.009342606
0.009335335
0.009328094
0.009320881
0.009313698
0.009306542
0.009299415
0.009292317
0.009285246
0.009278205
0.0092711905
0.009264205
0.009257247
0.009250316
0.009243414
0.00923654
0.009229693
0.009222872
0.0092160795
0.009209314
0.009202575
0.009195866
0.009189182
0.009182525
0.009175895
0.009169291
0.009162714
0.009156164
0.009149641
0.009143143
0.009136672
0.009130227
0.009123808
0.009117415
0.009111049
0.009104708
0.009098392
0.009092103
0.009085839
0.0090796
0.009073387
0.009067198
0.009061036
0.009054899
0.009048786
0.009042699
0.009036635
0.009030597
0.009024586
0.009018597
0.009012633
0.009006693
0.009000778
0.008994888
0.00898902
0.008983178
0.00897736
0.008971565
0.008965795
0.008960048
0.008954325
0.008948625
0.008942949
0.008937297
0.0089316685
0.008926062
0.008920479
0.0089149205
0.008909385
0.00890387
0.00889838
0.008892913
0.008887467
0.026762515
0.008877124
0.00887218
0.009224539
0.008862512
0.008857768
0.008852989
0.008848182
0.00884335
0.008838497
0.008833627
0.008828744
0.008823851
0.00881895
0.008814044
0.008809135
0.008804228
0.008799323
0.00879442
0.008789523
0.008784631
0.008779749
0.008774877
0.008770014
0.008765163
0.008760324
0.008755498
0.008750684
0.008745886
0.008741104
0.008736337
0.008731582
0.008726846
0.008722127
0.008717423
0.008712738
0.00870807
0.008703419
0.008698787
0.008694169
0.008689573
0.008684994
0.008680432
0.008675888
0.008671366
0.008666859
0.008662371
0.008657902
0.008653451
0.008649018
0.008644604
0.008640207
0.00863583
0.0086314725
0.008627132
0.00862281
0.008618506
0.008614221
0.008609954
0.008605705
0.008601475
0.008597261
0.0085930675
0.008588891
0.008584733
0.0085805915
0.008576469
0.008572365
0.008568278
0.008564209
0.008560156
0.008556123
0.008552107
0.008548107
0.008544126
0.008540162
0.008536215
0.008532286
0.008528372
0.0085244775
0.0085205985
0.008516737
0.008512893
0.008509066
0.008505255
0.008501461
0.008497683
0.008493924
0.00849018
0.008486452
0.00848274
0.008479046
0.008475368
0.008471705
0.008468059
0.0084644295
0.008460816
0.008457218
0.008453636
0.00845007
0.008446521
0.008442986
0.008439467
0.0084359655
0.008432478
0.008429006
0.008425549
0.008422107
0.008418683
0.008415273
0.008411878
0.008408497
0.008405133
0.008401783
0.008398448
0.00839513
0.008391825
0.008388534
0.008385259
0.0070297574
0.008378908
1.0851578
0.008378822
6.7227607
0.008388041
0.008394713
0.008401179
0.008407302
0.008412987
0.008418171
0.008422817
0.008426909
0.008430446
0.008433435
0.008435894
0.008437845
0.008439313
0.008440328
38.860584
0.008412704
0.008398948
0.008395954
0.0084007885
0.008411144
0.00842521
0.008441582
0.008459183
0.008477191
0.008494991
0.008512135
0.008528304
0.008543282
0.008556928
0.008569166
0.008579969
0.008589339
0.008597312
0.008603934
0.00860927
0.008613392
0.008616378
0.008618305
0.0086192535
0.008619305
0.008618532
0.008617009
0.008614804
0.008611986
0.008608613
0.008604744
0.008600433
0.008595729
0.008590676
0.008585315
0.008579687
0.008573826
0.0085677635
0.008561527
0.008555144
0.00854864
0.008542032
0.008535344
0.008528591
0.00852179
0.008514953
0.008508093
0.008501223
0.008494352
0.008487487
0.008480641
0.008473818
0.008467021
0.008460262
0.0084535405
0.008446865
0.008440234
0.008433655
0.008427128
0.008420658
0.008414244
0.008407892
0.008401598
0.008395367
0.008389199
0.0083830925
0.008377052
0.008371075
0.008365163
0.008359315
0.0083535295
0.008347812
0.008342157
0.008336565
0.008331038
0.008325573
0.008320171
0.008314831
0.008309553
0.008304335
0.008299178
0.00829408
0.008289044
0.008284063
0.008279141
0.008274276
0.008269466
0.008264713
0.0082600145
0.00825537
0.008250779
0.00824624
0.008241754
0.008237319
0.008232934
0.0082286
32.305225
0.008221072
0.00822437
0.008232334
0.008243494
0.008256708
0.008271101
0.008286
0.008300904
8921.517
0.009212008
0.012710817
0.018033966
0.024573257
0.031857014
0.039523035
0.047296688
0.05497308
0.062402602
15.62994
0.07554265
0.08114931
0.08628365
0.09094298
0.09513423
0.09887129
0.10217297
0.105061434
159.5354
0.10727427
0.10688374
0.10639945
0.10583097
0.10518727
0.10447668
0.10370697
0.10288524
0.10201807
0.101111464
0.1001709
0.09920142
0.098207526
0.097193375
0.09616268
0.095118806
0.09406482
0.09300341
0.09193705
0.09086794
0.089798
0.088729
0.08766249
0.08659985
0.08554231
88.8753
0.084372565
0.08416948
0.08388881
0.08353756
0.08312244
0.08264984
0.08212579
0.08155594
0.08094555
0.08029953
0.079622366
0.07891821
0.07819088
0.07744385
0.07668028
0.07590306
0.07511478
0.07431781
103.02708
0.07141901
0.069483496
0.06768982
0.06602231
0.06446732
0.06301293
0.061648674
0.060365412
0.059155054
0.058010478
0.056925427
0.055894338
0.05491229
0.053974908
0.053078312
0.052219037
0.051393986
0.0506004
0.049835805
0.049097992
0.04838497
0.047694948
0.047026314
0.04637762
0.045747556
0.04513494
0.044538688
0.043957837
0.043391503
0.04283888
0.04229923
1.8610489
0.041379258
0.040984318
0.040587876
0.04019065
0.03979329
0.03939638
0.039000414
0.03860587
0.038213145
0.037822608
0.03743456
0.0370493
0.036667056
0.036288057
0.035912476
0.03554048
0.035172194
0.03480774
0.03444722
0.034090705
0.033738267
0.033389945
0.033045787
0.032705817
0.032370057
0.032038517
0.031711202
0.0313881
0.031069197
0.030754492
0.030443955
0.030137567
0.029835293
0.02953711
0.029242972
0.028952854
0.028666718
0.028384514
0.028106209
0.027831756
0.027561113
0.027294235
0.027031079
0.026771596
0.026515739
0.026263466
0.026014723
0.025769472
0.02552766
0.025289247
0.025054177
0.0356015
0.024596224
0.024372963
0.024152612
0.02393515
0.02372056
0.023508815
0.023299893
0.02309377
0.022890417
0.0226898
0.022491902
0.02229669
0.02210413
0.021914192
0.021726845
0.021542061
0.021359803
0.021180043
0.021002747
0.020827888
0.020655425
0.020485336
0.020317582
0.020152139
0.019988967
0.01982804
0.019669328
0.019512797
0.019358419
49.564217
0.019463832
0.01968744
0.019878604
0.02003915
0.020171009
0.020276172
0.020356614
0.020414295
0.020451099
0.02046884
0.020469239
0.02045392
0.020424398
0.020382091
0.020328313
0.020264283
0.020191118
0.020109847
0.020021414
0.019926678
0.019826429
0.01972138
0.019612178
0.019499416
0.019383626
0.019265292
0.019144848
0.019022686
0.018899161
0.01877459
0.018649256
0.01852342
0.018397301
0.018271111
0.01814503
0.018019218
0.017893821
0.017768962
0.017644757
0.017521307
0.017398693
0.017276993
0.017156275
0.017036598
0.01691801
0.01680055
0.016684258
0.016569166
0.016455293
0.016342664
0.016231295
0.0161212
0.016012384
0.015904859
0.015798625
0.015693683
0.015590037
0.015487681
0.015386614
0.015286827
0.015188316
0.01509107
0.014995084
0.014900349
0.014806853
0.014714584
0.014623529
0.014533682
0.014445027
0.01435755
0.014271243
0.014186086
0.014102069
0.014019179
0.013937404
0.013856728
0.013777137
0.013698618
0.013621158
0.01354474
0.013469354
0.013394987
0.013321623
0.013249251
0.013177855
0.013107422
0.0130379405
0.012969397
0.012901778
0.0128350705
0.012769265
0.012704347
0.012640302
0.01257712
0.0125147905
0.012453301
0.012392637
0.01233279
0.012273746
0.012215496
0.012158027
0.012101331
0.012045396
0.011990208
0.011935762
0.0118820425
0.011829044
0.011776753
0.011725161
0.011674258
0.011624034
0.01157448
0.011525585
0.011477345
0.011429743
0.011382777
0.011336433
0.011290707
0.011245587
0.011201065
0.011157134
0.011113785
0.01107101
0.011028801
0.0109871505
0.01094605
0.010905491
0.0108654685
0.010825974
0.010787
0.010748538
0.010710584
0.01067313
0.010636166
0.010599688
0.010563688
0.010528163
0.010493103
0.010458501
0.010424353
0.010390652
0.010357392
0.010324566
0.010292169
0.010260195
0.010228638
0.010197491
0.010166752
0.010136412
0.19492526
0.010076788
0.010047508
0.010018613
0.009990095
0.009961942
0.009934148
0.009906705
0.009879606
0.009852845
0.009826423
0.00980033
0.009774563
0.009749119
2.6281362
0.009745281
0.009762388
0.00977564
0.009785356
0.009791837
0.00979537
0.009796224
0.009794653
0.009790894
0.009785164
0.009777666
0.009768586
0.009758093
0.009746348
0.009733492
0.009719652
0.009704952
0.009689499
14.581676
0.009603342
0.009542351
0.009488811
0.009441415
0.009399085
0.009360942
0.009326264
0.0092944605
0.009265047
0.009237629
0.009211881
0.009187537
0.009164383
0.009142238
0.009120958
0.009100424
0.24107687
0.009049843
0.009021015
0.008993854
0.008968185
0.008943855
0.008920731
0.008898695
0.008877645
0.00885749
0.008838147
0.008819548
0.008801631
0.008784338
0.00876762
0.0087514315
0.008735735
0.008720494
0.008705679
0.008691258
0.008677209
0.008663506
0.00865013
0.008637062
0.0086242845
0.008611783
0.008599544
0.008587552
0.008575798
0.008564271
0.008552961
0.008541859
0.008530957
0.0085202465
0.008509722
0.008499377
0.008489205
0.0084792
0.008469358
0.008459675
0.008450144
0.008440763
0.008431527
0.008422432
0.008413475
0.008404654
0.008395964
0.008387403
0.008378968
0.0083706565
0.0083624665
0.008354395
0.0083464375
0.008338596
0.008330866
0.008323246
0.008315732
0.008308326
0.008301023
0.008293822
0.008286721
0.008279721
0.008272817
0.008266008
0.008259295
0.008252673
0.008246142
0.008239701
0.00823335
0.008227084
0.0082209045
0.008214809
0.008208795
0.008202866
0.008197014
0.008191243
0.008185551
0.008179936
0.008174395
0.008168931
0.008163539
0.008158221
0.008152974
0.0081477985
0.008142691
0.008137652
0.008132681
0.008127776
0.008122937
0.008118162
0.008113451
0.008108804
0.008104218
0.008099693
0.008095229
0.008090822
0.0080864765
0.008082187
0.008077955
0.008073779
0.008069658
0.008065591
0.008061578
0.008057618
0.00805371
0.008049854
0.008046048
0.008042292
0.008038586
0.00803493
0.008031319
0.008027757
0.008024241
0.008020772
0.008017346
0.008013967
0.0080106305
0.98823327
0.008005892
0.008004484
0.008003075
0.008001635
0.008000142
0.007998586
0.007996957
0.007995252
0.007993467
0.007991607
0.007989673
0.007987669
0.0079856
0.007983474
0.007981295
0.007979067
0.007976797
0.007974493
0.0079721585
0.0079697985
0.007967418
0.007965022
0.007962613
0.0079601975
0.007957777
0.007955357
0.007952939
0.007950526
0.007948119
0.007945723
0.007943338
0.007940967
0.007938609
0.00793627
0.007933947
0.007931645
0.00792936
0.007927096
0.007924855
0.0079226345
0.007920436
0.00791826
0.007916108
0.007913978
0.007911873
0.00790979
0.007907733
0.007905697
0.007903688
0.007901702
0.007899739
0.0078978
0.007895885
0.007893993
0.007892125
0.007890279
0.007888459
0.007886658
0.007884882
0.007883128
0.007881396
0.007879687
0.007877999
0.007876332
0.007874687
0.15632764
0.007870715
0.007868513
0.007866435
0.007864463
0.007862583
0.007860782
0.007859049
0.007857378
0.00785576
0.007854189
0.00785266
0.007851169
0.007849715
0.007848292
0.0078468975
0.00784553
0.007844189
0.007842873
0.007841579
0.0078403065
0.007839054
0.007837822
0.007836609
0.007835414
0.007834238
0.0078330785
0.007831936
0.00783081
0.0078297
0.007828604
0.007827525
0.007826461
0.00782541
0.007824376
0.007823354
0.007822347
0.007821353
0.0078203725
0.007819406
0.007818451
0.00781751
0.00781658
0.007815663
0.007814758
0.007813866
0.007812985
0.007812116
0.0078112585
0.0078104115
0.007809576
0.007808751
0.007807936
0.0078071337
0.00780634
0.007805558
0.0078047845
0.0078040226
0.0078032697
0.0078025274
0.007801794
0.0078010694
0.007800354
0.007799649
0.0077989525
0.0077982657
0.0077975867
0.0077969157
0.0077962545
0.007795601
0.0077949557
0.0077943187
0.0077936905
0.00779307
0.0077924565
0.0077918503
0.0077912533
0.0077906633
0.0077900803
0.007789505
0.0077889375
0.0077883755
0.007787822
0.0077872747
0.0077867336
0.0077862
0.007785673
0.0077851526
0.007784638
0.00778413
0.0077836285
0.0077831335
0.007782644
0.0077821612
0.0077816835
0.0077812127
0.007780747
0.007780287
0.0077798325
0.0077793836
0.0077789403
0.0077785025
0.00777807
0.0077776415
0.00777722
0.007776803
0.0077763908
0.007775984
0.007775581
0.007775184
0.0077747917
0.0077744033
0.00777402
0.007773642
0.0077732676
0.0077728988
0.0077725328
0.0077721723
0.0077718156
0.007771463
0.007771115
0.0077707707
0.007770431
0.0077700946
0.0077697625
0.0077694347
0.007769111
0.0077687902
0.0077684736
0.007768161
0.007767851
0.007767546
0.007767244
0.0077669458
0.0077666515
0.007766359
238.15053
0.0078015975
0.0079556545
0.008192713
0.008484893
0.008810495
0.009152812
0.009499138
0.009839979
0.010168397
0.010479481
0.010769913
0.011037627
0.011281526
0.011501246
0.011696981
0.011869346
0.01201924
0.012147774
0.012256195
0.012345818
0.012418001
0.012474098
0.012515441
0.012543325
0.012558982
0.012563589
0.012558256
0.012544017
0.012521841
0.01249262
0.01245718
0.012416281
0.012370619
0.012320829
0.012267486
0.01221112
0.012152201
0.01209116
0.012028383
0.011964221
0.011898981
0.011832943
0.011766356
0.011699439
0.011632389
0.01156538
0.011498563
0.01143207
0.011366022
0.011300517
0.011235647
0.0111714825
0.011108091
0.011045529
0.010983839
0.010923061
0.010863226
0.010804356
0.010746473
0.010689589
0.010633715
0.010578857
0.010525015
0.0104721915
0.010420381
0.010369579
0.010319778
0.010270968
0.010223136
0.010176277
0.010130373
0.01008541
0.010041375
0.009998252
0.009956025
0.0099146785
0.009874198
0.009834562
0.00979576
0.009757769
0.009720578
0.009684168
0.0096485205
0.009613621
0.009579455
0.009546003
0.0095132515
0.009481184
0.009449786
0.009419039
0.009388933
0.009359451
0.009330577
0.0093023
0.009274606
0.009247479
0.009220908
0.009194879
0.00916938
0.0091444
0.009119924
0.0090959435
0.009072445
0.009049419
0.009026852
0.009004737
0.008983061
0.008961813
0.008940986
0.008920569
0.008900554
0.008880928
0.008861688
0.008842821
0.00882432
0.0088061765
0.008788383
0.00877093
0.008753812
0.008737021
0.008720549
0.008704389
0.008688536
0.0086729815
0.008657719
0.008642743
0.008628046
0.008613624
0.0085994685
0.008585577
0.0085719405
0.008558556
0.008545416
0.008532518
0.008519853
0.008507421
0.008495213
0.008483227
0.008471458
0.0084599005
0.00844855
0.008437402
0.008426453
0.0084157
0.008405138
0.008394763
0.0083845705
0.008374558
0.008364722
0.008355057
0.008345561
0.008336232
0.41562906
0.008303587
0.0082822405
0.008262773
0.008244961
0.008228611
0.008213558
0.008199654
0.008186772
0.008174799
0.008163638
0.008153204
0.00814342
0.008134223
0.008125549
0.008117351
0.008109581
0.008102199
0.008095169
0.00808846
0.008082043
0.008075892
0.008069986
0.008064304
0.008058827
0.00805354
0.00804843
0.008043483
0.008038686
0.008034029
0.008029504
0.008025101
0.008020814
0.008016635
0.008012557
0.008008575
0.008004684
0.00800088
0.007997156
0.007993511
0.00798994
0.007986439
0.007983007
0.007979639
0.007976334
0.007973089
0.007969902
0.007966771
0.007963694
0.007960669
0.007957695
0.007954771
0.007951894
0.007949062
0.007946277
0.007943535
0.007940835
0.007938179
0.007935561
0.007932986
0.007930448
0.00792795
0.007925486
0.007923061
0.00792067
0.007918316
0.007915995
0.007913709
0.007911454
0.007909233
0.007907042
0.0079048835
0.007902756
0.007900659
0.0078985905
0.007896552
0.007894541
0.007892559
0.007890605
0.007888678
0.007886778
0.007884904
0.007883055
0.007881233
0.007879435
0.007877662
0.007875914
0.007874189
0.007872487
0.00787081
0.007869156
0.0078675235
0.007865913
0.007864324
0.007862758
0.007861212
0.007859686
0.007858182
0.007856699
1031.4309
0.00811013
0.008789337
0.009762935
0.01092917
0.012209041
0.013541874
0.014881708
0.016194338
0.017454915
0.018646004
0.019755986
0.020777782
0.021707831
0.022545232
0.023291105
0.023948034
0.024519678
0.025010394
0.025425011
0.025768617
0.026046386
0.026263498
0.026425008
0.026535805
0.026600575
0.026623748
0.026609499
0.02656173
0.026484072
0.026379881
0.026252259
0.02610405
0.02593786
0.025756063
0.025560824
0.02535411
0.025137685
0.024913164
0.024681984
0.024445446
0.024204707
0.023960814
0.023714688
0.023467146
0.023218932
0.022970684
0.022722969
0.02247629
0.022231083
0.021987727
0.02174655
0.021507837
0.02127183
0.02103873
0.020808717
0.020581933
0.02035849
0.020138482
0.019921986
0.019709056
0.019499728
0.019294031
0.01909197
0.01889355
0.018698758
0.01850758
0.01831999
0.018135956
0.017955441
0.017778408
0.017604806
0.017434591
0.017267713
0.017104112
0.01694374
0.016786538
0.016632447
0.016481409
0.016333371
0.016188271
0.016046045
0.015906641
0.015769996
0.015636057
0.0155047625
0.015376057
0.0152498875
0.015126194
0.0150049245
0.0148860235
0.014769443
0.014655128
0.0145430295
0.014433096
0.014325282
0.014219537
0.014115818
0.014014077
0.01391427
0.013816355
0.013720289
0.013626031
0.013533539
0.013442776
0.013353702
0.01326628
0.013180474
0.013096249
0.013013567
0.012932397
0.012852706
0.012774463
0.0126976315
0.012622183
0.012548091
0.012475324
0.01240385
0.012333648
0.012264688
0.012196941
0.012130387
0.012064997
0.012000746
0.011937614
0.011875572
0.011814602
0.0117546795
0.011695785
0.011637897
0.0115809925
0.011525054
0.011470063
0.011415996
0.011362838
0.011310571
0.011259175
0.011208633
0.01115893
0.011110047
0.01106197
0.011014682
0.010968169
0.010922414
0.010877403
0.010833122
0.010789558
0.010746694
0.01070452
0.010663021
0.010622186
0.010582001
0.010542453
0.010503531
0.010465224
0.010427521
0.010390408
0.010353878
0.010317917
0.010282516
0.010247663
0.010213351
0.010179567
0.010146305
0.010113552
0.010081301
0.010049542
0.010018269
0.009987468
0.009957135
0.009927261
0.0098978365
0.009868854
0.009840306
0.009812185
0.009784484
0.0097571965
0.009730312
0.009703827
0.009677732
0.009652023
0.009626691
0.009601732
0.0095771365
0.009552901
0.009529019
0.009505483
0.009482288
0.009459429
0.009436901
0.009414696
0.00939281
0.009371239
0.009349976
0.009329015
0.009308355
0.009287987
0.009267908
0.009248113
0.009228598
0.009209358
0.009190389
0.009171686
0.009153245
0.009135062
0.009117131
0.009099452
0.0090820175
0.009064825
0.0090478705
0.0090311505
0.009014661
0.008998398
0.0089823585
0.008966539
0.008950936
0.0089355465
0.008920367
0.008905394
0.008890625
0.0088760555
0.008861683
0.008847505
0.008833519
0.008819722
0.008806109
0.00879268
0.008779431
0.008766358
0.00875346
0.008740735
0.00872818
0.00871579
0.008703566
0.008691504
0.008679601
0.008667856
0.008656267
0.008644829
0.008633541
0.008622403
0.00861141
0.008600561
0.008589855
0.008579289
0.008568861
0.008558567
0.008548408
0.008538381
0.008528485
0.008518716
0.008509074
0.008499557
0.008490162
0.008480889
0.008471735
0.008462698
0.008453779
0.008444973
0.008436279
0.008427699
0.008419228
0.0084108645
0.008402607
0.008394456
0.008386408
0.008378462
0.008370618
0.008362873
0.008355225
0.008347676
0.008340223
0.008332862
0.008325594
0.008318419
0.008311333
0.008304337
0.0082974285
0.0082906075
0.008283873
0.008277222
0.008270654
0.008264167
0.008257763
0.008251439
0.008245194
0.008239026
0.008232936
0.008226921
0.00822098
0.0082151145
0.008209321
0.0082036005
0.008197949
0.00819237
0.008186858
0.0081814155
0.008176041
0.008170731
0.008165488
0.008160308
0.008155193
0.008150143
0.008145153
0.008140224
0.008135357
0.008130549
0.008125802
0.0081211105
0.008116478
0.008111902
0.008107381
0.008102918
0.008098508
0.0080941515
0.00808985
0.0080856
0.008081402
0.0080772545
0.008073159
0.008069113
0.008065116
0.008061169
0.008057267
0.008053415
0.00804961
0.00804585
0.008042137
0.008038469
0.008034845
0.008031265
0.008027729
0.008024235
0.008020784
0.008017375
0.0080140075
0.008010681
0.008007392
0.008004147
0.008000939
0.00799777
0.00799464
0.007991548
0.007988492
0.007985475
0.007982492
0.007979547
0.007976636
0.007973761
0.007970922
0.007968115
0.007965343
0.007962604
0.007959899
0.007957225
0.0079545835
0.007951975
0.007949397
0.007946852
0.007944335
0.00794185
0.007939395
0.007936968
0.00793457
0.007932202
0.0079298625
0.007927552
0.007925267
0.007923012
0.007920783
0.007918581
0.007916405
0.007914255
0.007912132
0.007910033
0.007907961
0.007905912
0.007903889
0.007901889
0.007899915
0.007897963
0.007896034
0.0078941295
0.007892248
0.007890388
0.007888551
0.007886736
0.007884942
0.007883171
0.00788142
0.00787969
0.007877981
0.007876295
0.007874627
0.007872979
0.007871351
0.007869743
0.007868154
0.007866583
0.007865032
0.007863499
0.007861985
0.007860488
0.00785901
0.00785755
0.007856107
0.007854681
0.007853273
0.007851883
0.007850507
0.007849149
0.007847806
0.007846482
0.007845172
0.007843877
0.007842599
0.007841336
0.007840088
0.007838855
0.007837636
0.007836432
0.007835244
0.007834069
0.007832909
0.007831762
0.007830629
0.00782951
0.007828404
0.007827312
0.007826232
0.007825166
0.007824113
0.007823071
0.007822043
0.007821028
0.007820024
0.007819032
0.0078180535
0.007817086
0.007816129
0.007815185
0.007814251
0.00781333
0.007812418
0.007811519
0.00781063
0.0078097507
0.0078088837
0.0078080264
0.00780718
0.007806343
0.007805517
0.0078047
0.007803894
0.007803096
0.0078023095
0.0078015327
0.007800764
0.0078000054
0.007799255
0.0077985153
0.007797783
0.0077970605
0.0077963453
0.0077956393
0.007794943
0.007794255
0.0077935746
0.0077929026
0.0077922395
0.007791584
0.0077909357
0.0077902963
0.007789664
0.0077890395
0.007788423
0.0077878134
0.0077872123
0.007786617
0.0077860304
0.0077854497
0.0077848765
0.0077843103
0.007783752
0.0077831983
0.0077826534
0.0077821137
0.0077815824
0.007781056
0.0077805365
0.007780023
0.007779516
0.0077790148
0.00777852
0.007778032
0.0077775493
0.0077770725
0.0077766026
0.007776137
0.007775678
0.0077752233
0.0077747754
0.0077743325
0.007773895
0.007773463
0.0077730375
0.007772615
0.0077722
0.007771788
0.007771382
0.007770981
0.0077705844
0.0077701933
0.007769807
0.0077694254
0.007769048
0.007768675
0.0077683083
0.0077679446
0.0077675856
0.007767232
0.007766882
0.0077665364
0.0077661946
0.007765857
0.0077655246
0.0077651953
0.0077648708
0.0077645504
0.007764233
0.00776392
0.0077636107
0.0077633057
0.0077630044
0.0077627064
0.0077624135
0.007762122
0.007761834
0.0077615515
0.007761272
0.0077609955
0.007760723
0.007760453
0.0077601876
0.0077599254
0.0077596656
0.0077594095
0.007759156
0.007758906
0.00775866
0.007758416
0.0077581746
0.007757937
0.007757702
0.0077574705
0.0077572423
0.007757015
0.0077567925
0.007756572
0.0077563543
0.0077561396
0.0077559277
0.007755718
0.007755511
0.007755305
0.007755105
0.0077549047
0.007754709
0.007754515
0.0077543226
0.0077541335
0.007753946
0.007753762
0.007753579
0.0077533997
0.007753221
0.0077530453
0.0077528725
0.007752701
0.0077525317
0.007752366
0.0077522006
0.007752038
0.007751877
0.0077517177
0.0077515617
0.007751407
0.0077512544
0.007751104
0.007750955
0.0077508083
0.0077506625
0.0077505196
0.0077503794
0.0077502388
0.007750101
0.7865912
0.0077505996
0.007751763
0.007753282
0.007755024
0.007756883
0.0077587767
0.007760649
0.0077624526
0.0077641574
0.007765742
0.00776719
0.0077684955
0.0077696554
0.007770671
0.0077715446
0.007772284
0.007772891
0.007773379
0.007773753
0.007774021
0.007774192
0.007774276
0.00777428
0.0077742115
0.0077740788
0.0077738874
0.0077736448
0.0077733584
0.0077730315
0.0077726706
0.0077722794
0.007771864
0.0077714273
0.007770973
0.0077705043
0.0077700247
0.007769536
0.0077690408
0.0077685416
0.007768039
0.0077675367
0.007767034
0.0077665336
0.0077660363
0.0077655427
0.0077650547
0.007764571
0.0077640936
0.0077636223
0.0077631585
0.0077627026
0.0077622533
0.0077618132
0.0077613797
0.0077609546
0.0077605383
0.0077601303
0.0077597294
0.007759338
0.0077589536
0.0077585774
0.0077582104
0.00775785
0.0077574984
0.007757154
0.007756817
0.007756488
0.007756166
0.007755851
0.0077555426
0.0077552423
0.0077549485
0.0077546607
0.0077543785
0.0077541047
0.0077538355
0.0077535724
0.007753315
0.007753064
0.007752818
0.007752578
0.0077523417
0.007752113
0.007751887
0.0077516674
0.0077514523
0.007751241
0.007751035
0.007750833
0.0077506355
0.0077504423
0.0077502523
0.0077500674
0.0077498863
0.0077497084
0.0077495337
0.0077493633
0.0077491966
0.007749033
0.007748873
0.0077487156
0.0077485614
0.0077484106
0.0077482634
0.0077481177
0.007747976
0.0077478373
0.0077476995
0.007747567
0.0077474355
0.007747306
0.0077471803
0.007747056
0.007746935
0.0077468148
0.0077466983
0.0077465833
0.0077464706
0.0077463603
0.0077462513
0.0077461456
0.007746041
0.007745939
0.0077458383
0.0077457395
0.007745642
0.0077455463
0.007745453
0.0077453605
0.00774527
0.0077451817
0.0077450955
0.007745009
0.0077449256
0.0077448427
0.007744761
0.007744682
0.0077446033
0.007744526
0.00774445
0.007744376
0.007744304
0.007744232
0.007744161
0.007744091
0.0077440226
0.0077439565
0.007743891
0.007743825
0.0077437623
0.007743699
0.007743638
0.0077435775
0.007743518
0.007743459
0.007743401
0.007743346
0.0077432897
0.0077432343
0.00774318
0.0077431276
0.007743075
0.0077430247
0.0077429735
0.007742924
0.0077428757
0.0077428273
0.0077427803
0.0077427337
0.0077426876
0.0077426434
0.007742599
0.007742556
0.007742512
0.0077424697
0.0077424278
0.0077423872
0.007742347
0.007742308
0.0077422685
0.0077422303
0.007742193
0.0077421553
0.0077421195
0.007742083
0.0077420473
0.0077420124
0.0077419784
0.0077419453
0.007741912
0.0077418787
0.007741846
0.007741815
0.0077417833
0.0077417525
0.0077417227
0.007741692
0.007741664
0.007741635
0.0077416063
0.007741578
0.00774155
0.0077415244
0.0077414974
0.00774147
0.0077414443
0.007741419
0.007741394
0.0077413693
0.0077413446
0.007741321
0.007741297
0.0077412743
0.007741251
0.007741228
0.007741206
0.0077411854
0.0077411635
0.007741142
0.007741121
0.0077411006
0.007741081
0.0077410615
0.007741041
0.0077410215
0.0077410024
0.0077409837
0.007740966
0.0077409465
0.0077409293
0.0077409116
0.0077408943
0.0077408776
0.0077408603
0.007740843
0.0077408277
0.007740811
0.0077407956
0.0077407802
0.007740765
0.0077407486
0.007740734
0.007740719
0.0077407053
0.007740692
0.0077406773
0.007740663
0.00774065
0.0077406364
0.007740623
0.00774061
0.0077405972
0.0077405847
0.0077405726
0.007740559
0.007740548
0.007740536
0.007740524
0.007740513
0.007740501
0.00774049
0.00774048
0.0077404687
0.0077404575
0.0077404473
0.007740437
0.007740426
0.0077404166
0.0077404063
0.007740397
0.0077403868
0.0077403774
0.007740369
0.0077403598
0.0077403504
0.0077403416
0.007740333
0.007740325
0.0077403155
0.0077403067
0.007740299
0.007740291
0.007740283
0.0077402755
0.0077402676
0.00774026
0.007740252
0.0077402447
0.0077402378
0.0077402303
0.0077402233
0.007740217
0.00774021
0.007740202
0.0077401954
0.0077401893
0.0077401823
0.007740177
0.0077401698
0.0077401637
0.0077401577
0.007740152
0.007740146
0.00774014
0.007740135
0.007740129
0.0077401227
0.0077401176
0.0077401125
0.007740108
0.0077401027
0.0077400976
0.0077400925
0.0077400873
0.007740082
0.007740077
0.007740072
0.007740068
0.007740063
0.007740058
0.0077400547
0.0077400496
0.0077400454
0.0077400412
0.007740037
0.007740033
0.007740028
0.007740024
0.0077400208
0.0077400175
0.0077400124
0.0077400086
0.0077400063
0.007740002
0.0077399984
0.007739995
0.007739992
0.0077399877
0.007739985
668.11053
0.008107325
0.009052943
0.010397744
0.012000839
0.013752421
0.015567897
0.017383076
0.019150168
0.020834532
0.022412002
0.023866687
0.025189186
0.026375134
0.027424023
0.028338244
0.029122332
0.029782325
0.030325307
0.030759005
0.031091472
0.03133091
0.03148542
0.031562917
0.03157102
0.03151699
0.03140767
0.031249465
0.031048348
1271.1661
0.029497702
0.029873759
0.031473707
0.03392776
0.036943555
0.040291984
0.043795507
0.047318425
0.05075889
0.05404229
0.05711583
0.059944045
0.06250516
0.064788096
0.066789985
0.06851428
0.069969065
0.07116583
0.0721184
0.07284214
0.0733533
0.07366848
0.07380434
0.07377717
0.07360279
0.07329632
0.07287213
0.07234369
0.07172363
0.07102366
0.07025459
0.06942636
0.068548046
0.06762795
0.06667356
0.06569167
0.06468836
20.81113
0.063922234
0.064035654
0.06402074
0.063888825
0.063651025
0.06331802
0.062900074
280.458
0.06337726
0.06443634
0.065521464
0.06658553
0.06759386
0.06852166
0.069352016
0.07007414
0.07068214
0.07117379
0.071549706
0.071812645
0.07196686
0.07201775
0.07197141
0.07183437
0.0716134
0.0713153
0.07094681
0.070514515
0.070024684
0.06948336
0.06889624
0.06826868
0.06760567
0.06691186
0.066191554
0.065448724
0.064686984
0.06390968
0.06311983
0.062320206
0.061513294
0.06070135
0.059886407
0.059070293
0.05825463
0.05744088
0.05663034
0.05582415
0.055023335
0.054228768
0.053441234
0.052661408
0.05188988
0.051127143
0.050373614
0.049629673
0.0488956
0.04817165
0.047458004
0.046754822
0.046062212
0.045380253
0.04470899
0.044048436
0.043398596
0.042759426
0.042130895
0.041512933
0.040905476
0.04030842
0.039721668
0.039145123
0.03857865
0.038022142
0.03747546
0.036938477
0.03641105
0.035893045
0.035384316
0.03488472
0.034394115
0.033912353
0.033439286
16.30316
0.03309789
0.033183277
0.03323122
0.033242643
0.033218984
0.033162016
0.033073753
350.05066
0.034354787
0.036069985
0.037970677
0.039955385
0.041946735
0.043886807
0.045733273
0.047456283
0.049035847
0.050459757
0.05172187
0.052820697
0.05375827
0.054539267
0.05517025
713.6136
0.06110374
0.066603355
0.07199587
0.07716224
0.0820178
0.08650528
0.09058895
0.094249964
0.09748248
0.100290574
0.10268569
0.10468463
0.10630795
0.107578695
0.10852128
0.10916085
0.109522544
0.10963115
0.10951063
0.109184004
0.10867311
0.10799846
0.1071793
0.10623346
0.10517745
0.104026414
0.10279425
0.101493575
0.10013589
0.09873155
0.09728989
0.09581931
0.09432728
0.09282046
0.09130478
0.08978546
0.08826705
0.0867536
0.08524859
0.083755046
0.082275555
0.08081236
0.07936731
0.077941984
0.076537676
0.07515546
0.07379618
0.07246045
0.07114879
0.069861524
0.06859887
0.06736093
0.0661477
0.0649591
0.063794985
0.06265516
0.061539315
0.06044719
0.05937842
0.058332648
0.057309456
0.056308456
0.055329207
0.054371275
0.053434215
0.052517578
0.05162091
0.05074377
0.0498857
0.04904626
0.04822502
0.047421522
0.046635367
0.045866113
0.045113366
0.04437672
0.04365578
0.04295016
0.042259492
0.0415834
0.04092154
0.040273555
0.039639115
0.03901789
0.038409557
0.037813812
0.03723035
0.036658876
0.036099114
0.035550777
0.0350136
0.034487333
0.0339717
0.033466477
0.032971404
0.032486267
0.032010835
0.031544883
0.031088203
0.030640582
0.030201826
0.029771736
0.029350117
0.028936788
0.028531568
0.028134279
0.027744753
0.02736282
0.026988322
0.026621103
0.026261002
0.02590787
0.02556157
0.025221948
0.024888875
0.024562208
0.02424182
0.023927582
0.023619363
0.023317048
0.023020513
0.022729643
0.02244432
0.02216444
0.021889888
0.02162056
0.021356352
0.021097163
0.020842893
0.020593446
0.020348728
0.020108644
0.019873107
0.019642023
0.01941531
0.019192884
0.018974658
0.01876055
0.018550487
0.018344384
0.018142173
0.01794377
0.017749108
0.017558116
0.017370721
0.017186856
0.017006455
0.01682945
0.016655777
0.016485374
0.01631818
0.016154133
0.015993172
0.01583524
0.015680283
0.015528239
0.015379061
0.015232687
0.0150890695
0.014948155
0.0148098925
0.014674236
0.0145411305
0.014410533
0.014282395
0.014156672
0.014033317
0.013912287
0.013793537
0.013677026
0.013562714
0.013450555
0.013340512
0.013232544
0.013126616
0.013022688
0.012920722
0.012820683
0.012722532
0.012626239
0.012531763
0.012439077
0.0123481415
0.01225893
0.0121714035
0.0120855365
0.0120012965
0.011918651
0.011837575
0.011758034
0.011680002
0.011603451
0.011528354
0.011454685
0.011382411
0.011311512
0.011241964
0.011173736
0.011106808
0.011041152
0.010976747
0.01091357
0.0108515965
0.010790805
0.010731173
0.010672678
0.010615301
0.010559019
0.010503813
0.010449663
0.010396547
0.010344448
0.010293348
0.010243223
0.01019406
0.01014584
0.010098546
0.010052157
0.010006659
0.0099620335
0.009918267
0.009875341
0.009833241
0.00979195
0.009751454
0.009711739
0.009672788
0.009634587
0.009597124
0.009560383
0.009524351
0.009489015
0.009454363
0.009420379
0.009387052
0.00935437
0.009322321
0.0092908945
0.009260075
0.009229853
0.009200217
0.009171157
0.009142661
0.009114717
0.009087318
0.00906045
0.009034106
0.0090082735
0.008982944
0.008958109
0.008933757
0.00890988
0.00888647
0.008863515
0.00884101
0.008818944
0.00879731
0.0087760985
0.008755302
0.008734913
0.008714923
0.008695325
0.008676111
0.008657275
0.008638807
0.008620702
0.0086029535
0.008585553
0.008568495
0.008551773
0.0085353805
0.00851931
0.008503555
0.008488114
0.008472974
0.008458135
0.008443589
0.00842933
0.008415353
0.008401652
0.008388221
0.008375058
0.008362154
0.008349507
0.008337109
0.008324959
0.00831305
0.008301377
0.008289935
0.008278722
0.0082677305
0.008256958
0.0082464
0.008236053
0.008225913
0.008215973
0.008206232
0.008196686
0.008187329
0.0081781605
0.008169176
0.0081603695
0.008151741
0.008143283
0.008134996
0.008126875
0.008118916
0.008111117
0.008103475
0.008095986
0.008088648
0.008081458
0.008074411
0.008067507
0.008060742
0.008054112
0.008047616
0.008041252
0.008035016
0.008028906
0.008022919
0.008017054
0.008011307
0.008005675
0.00800016
0.007994753
0.007989458
0.007984269
0.007979186
0.007974206
0.007969326
0.007964547
0.007959865
0.007955278
0.007950783
0.0079463795
0.0079420665
0.007937842
0.007933703
0.007929648
0.007925676
0.007921786
0.007917975
0.007914241
0.007910584
0.007907002
0.007903493
0.007900056
0.007896691
0.007893393
0.007890162
0.007886999
0.0078839
0.007880865
0.007877892
0.007874981
0.00787213
0.007869338
0.007866601
0.007863923
0.007861299
0.00785873
0.0078562135
0.007853749
0.007851335
0.0078489715
0.007846656
0.007844389
0.007842169
0.0078399945
0.007837866
0.007835782
0.007833741
0.007831741
0.007829784
0.007827868
0.00782599
0.007824153
0.007822352
0.007820591
0.007818864
0.007817175
0.00781552
0.007813902
0.007812315
0.007810762
0.0078092422
0.007807754
0.007806296
0.0078048687
0.007803472
0.007802104
0.0078007653
0.007799455
0.007798171
0.0077969152
0.0077956845
0.00779448
0.007793302
0.0077921473
0.0077910176
0.007789912
0.0077888295
0.007787769
0.007786732
0.007785716
0.0077847224
0.007783749
0.0077827964
0.007781864
0.007780952
0.007780058
0.0077791833
0.007778328
0.0077774907
0.0077766706
0.0077758688
0.007775082
0.007774315
0.007773562
0.0077728257
0.0077721043
0.0077713993
0.0077707088
0.0077700326
0.007769372
0.0077687246
0.007768092
0.007767472
0.0077668657
0.0077662724
0.007765691
0.0077651227
0.0077645667
0.007764023
0.0077634896
0.0077629695
0.0077624586
0.0077619604
0.0077614714
0.007760994
0.0077605266
0.0077600684
0.0077596204
0.0077591827
0.0077587543
0.0077583347
0.007757925
0.007757523
0.0077571305
0.007756747
0.00775637
0.007756003
0.007755643
0.0077552916
0.0077549466
0.0077546104
0.0077542807
0.007753958
0.0077536427
0.007753335
0.0077530323
0.007752737
0.0077524483
0.0077521647
0.007751889
0.007751618
0.007751354
0.007751095
0.0077508423
0.0077505945
0.007750352
0.0077501163
0.0077498844
0.007749658
0.007749435
0.0077492194
0.0077490075
0.0077488003
0.007748597
0.0077483985
0.0077482043
0.007748015
0.007747829
0.007747648
0.0077474704
0.007747296
0.007747127
0.0077469605
0.0077467985
0.007746639
0.0077464855
0.007746333
0.0077461847
0.007746039
0.007745897
0.007745758
0.0077456227
0.00774549
0.0077453605
0.007745234
0.0077451095
0.0077449884
0.007744869
0.0077447533
0.00774464
0.0077445284
0.0077444203
0.007744314
0.007744211
0.0077441097
0.00774401
0.0077439127
0.007743819
0.0077437265
0.007743636
0.0077435467
0.0077434606
0.007743376
0.007743294
0.007743212
0.0077431337
0.0077430564
0.0077429814
0.0077429074
0.0077428347
0.0077427644
0.0077426955
0.007742628
0.0077425623
0.0077424976
0.0077424347
0.007742374
0.007742313
0.007742255
0.0077421973
0.007742141
0.0077420864
0.007742032
0.0077419803
0.007741929
0.0077418787
0.0077418303
0.0077417823
0.007741736
0.0077416897
0.0077416445
0.007741602
0.0077415584
0.007741518
